 .1           -629 
 .2           -629 
 .5           -629 
 .7           -629 
 .8           -629 
 1            -629 
 1.1          -629 
 1.3          -629 
 1.5          -587 
 1.7          -534 
 1.8          -521 
 2            -521 
 2.1          -521 
 2.2          -525 
 2.4          -529 
 2.5          -532 
 2.6          -534 
 2.7          -534 
 2.9          -536 
 3            -539 
 3.1          -540 
 3.2          -541 
 3.4          -545 
 3.5          -547 
 3.6          -547 
 3.7          -550 
 3.9          -553 
 4            -553 
 4.2          -556 
 4.4          -559 
 4.6          -562 
 4.7          -563 
 4.9          -566 
 5.1          -567 
 5.2          -568 
 5.4          -572 
 5.6          -575 
 5.7          -575 
 5.9          -577 
 6.1          -580 
 6.3          -581 
 6.4          -582 
 6.6          -585 
 6.7          -586 
 6.9          -589 
 7.1          -591 
 7.3          -594 
 7.4          -595 
 7.6          -597 
 7.7          -598 
 7.9          -601 
 8.1          -603 
 8.3          -606 
 8.5          -606 
 8.7          -609 
 8.8          -611 
 9            -612 
 9.2          -615 
 9.3          -616 
 9.5          -629 
 9.7          -629 
 9.8          -629 
 10           -629 
 10.2         -629 
 10.3         -629 
 10.5         -629 
 10.7         -629 
 10.8         -629 
 11           -563 
 11.2         -504 
 11.3         -504 
 11.5         -504 
 11.7         -509 
 11.9         -513 
 12.1         -516 
 12.3         -521 
 12.5         -524 
 12.7         -528 
 12.8         -528 
 13.1         -532 
 13.3         -534 
 13.5         -538 
 13.7         -540 
 13.8         -543 
 14.1         -545 
 14.3         -549 
 14.5         -552 
 14.7         -554 
 14.8         -555 
 15           -558 
 15.3         -562 
 15.5         -563 
 15.7         -566 
 15.8         -567 
 16           -569 
 16.1         -571 
 16.3         -573 
 16.5         -575 
 16.6         -576 
 16.8         -577 
 17           -581 
 17.1         -582 
 17.3         -585 
 17.5         -586 
 17.6         -588 
 17.8         -589 
 18           -592 
 18.1         -594 
 18.3         -596 
 18.5         -598 
 18.7         -598 
 18.8         -601 
 19           -603 
 19.1         -603 
 19.3         -606 
 19.5         -607 
 19.6         -610 
 19.9         -611 
 20           -613 
 20.1         -614 
 20.3         -617 
 20.5         -630 
 20.7         -630 
 20.8         -630 
 21           -630 
 21.1         -630 
 21.3         -630 
 21.5         -630 
 21.6         -630 
 21.9         -630 
 22           -611 
 22.1         -572 
 22.3         -569 
 22.5         -569 
 22.6         -571 
 22.8         -575 
 23           -576 
 23.1         -579 
 23.3         -581 
 23.5         -586 
 23.6         -587 
 23.8         -590 
 24.1         -592 
 24.3         -595 
 24.5         -596 
 24.6         -599 
 24.8         -601 
 25           -604 
 25.1         -605 
 25.3         -606 
 25.5         -608 
 25.6         -609 
 25.8         -612 
 26           -614 
 26.1         -616 
 26.4         -629 
 26.5         -629 
 26.6         -629 
 26.8         -629 
 27           -629 
 27.1         -629 
 27.3         -629 
 27.5         -629 
 27.6         -629 
 27.8         -604 
 28           -526 
 28.1         -526 
 28.3         -526 
 28.5         -532 
 28.7         -534 
 28.8         -535 
 29           -540 
 29.1         -541 
 29.3         -545 
 29.5         -548 
 29.7         -550 
 29.8         -552 
 30           -554 
 30.1         -556 
 30.3         -560 
 30.5         -562 
 30.6         -564 
 30.9         -566 
 31           -567 
 31.1         -569 
 31.3         -572 
 31.5         -574 
 31.6         -576 
 31.8         -577 
 32.1         -581 
 32.2         -582 
 32.4         -585 
 32.5         -586 
 32.6         -586 
 32.7         -588 
 32.9         -590 
 33.1         -591 
 33.2         -593 
 33.4         -595 
 33.5         -596 
 33.6         -597 
 33.7         -599 
 33.9         -602 
 34           -603 
 34.1         -604 
 34.3         -606 
 34.4         -606 
 34.5         -608 
 34.6         -609 
 34.7         -611 
 34.9         -612 
 35           -614 
 35.1         -615 
 35.2         -616 
 35.5         -629 
 35.6         -629 
 35.7         -629 
 35.9         -629 
 36           -629 
 36.1         -629 
 36.2         -629 
 36.5         -629 
 36.6         -629 
 36.7         -629 
 36.9         -629 
 37           -512 
 37.1         -512 
 37.2         -512 
 37.4         -514 
 37.5         -516 
 37.7         -518 
 37.9         -523 
 38           -524 
 38.1         -527 
 38.2         -528 
 38.4         -532 
 38.5         -534 
 38.6         -535 
 38.8         -536 
 38.9         -538 
 39           -540 
 39.1         -541 
 39.2         -542 
 39.4         -545 
 39.5         -547 
 39.6         -547 
 39.7         -550 
 39.9         -551 
 40           -552 
 40.1         -554 
 40.2         -555 
 40.4         -559 
 40.5         -560 
 40.6         -561 
 40.7         -563 
 41           -565 
 41.1         -566 
 41.2         -568 
 41.4         -570 
 41.5         -571 
 41.6         -573 
 41.7         -574 
 41.9         -576 
 42           -578 
 42.2         -578 
 42.4         -581 
 42.5         -583 
 42.6         -583 
 42.7         -585 
 42.9         -587 
 43           -588 
 43.1         -589 
 43.3         -591 
 43.4         -592 
 43.5         -593 
 43.6         -595 
 43.7         -595 
 43.9         -599 
 44           -600 
 44.1         -601 
 44.2         -602 
 44.4         -604 
 44.5         -604 
 44.6         -605 
 44.7         -607 
 44.9         -609 
 45           -610 
 45.1         -611 
 45.2         -613 
 45.4         -615 
 45.6         -616 
 45.7         -617 
 45.9         -629 
 46           -629 
 46.1         -629 
 46.2         -629 
 46.4         -629 
 46.6         -629 
 46.7         -629 
 46.9         -629 
 47           -629 
 47.1         -629 
 47.2         -608 
 47.4         -502 
 47.5         -502 
 47.6         -502 
 47.8         -502 
 47.9         -504 
 48           -505 
 48.1         -507 
 48.2         -511 
 48.4         -514 
 48.5         -516 
 48.6         -518 
 48.7         -520 
 49           -524 
 49.1         -524 
 49.2         -526 
 49.4         -530 
 49.5         -531 
 49.6         -532 
 49.7         -534 
 50           -536 
 50.1         -538 
 50.2         -540 
 50.4         -542 
 50.5         -545 
 50.6         -546 
 50.7         -547 
 50.9         -550 
 51           -551 
 51.2         -552 
 51.4         -555 
 51.5         -556 
 51.6         -557 
 51.7         -559 
 51.9         -561 
 52           -563 
 52.1         -565 
 52.2         -565 
 52.4         -566 
 52.5         -568 
 52.6         -569 
 52.7         -570 
 52.9         -572 
 53           -574 
 53.1         -575 
 53.3         -577 
 53.4         -578 
 53.5         -579 
 53.6         -582 
 53.7         -582 
 53.9         -585 
 54           -586 
 54.1         -587 
 54.2         -587 
 54.4         -589 
 54.5         -590 
 54.6         -591 
 54.7         -592 
 54.9         -595 
 55           -596 
 55.1         -597 
 55.2         -598 
 55.4         -600 
 55.6         -602 
 55.7         -603 
 55.9         -605 
 56           -606 
 56.1         -607 
 56.2         -608 
 56.4         -610 
 56.6         -612 
 56.7         -614 
 56.9         -616 
 57           -616 
 57.1         -629 
 57.2         -629 
 57.4         -629 
 57.5         -629 
 57.6         -629 
 57.8         -629 
 57.9         -629 
 58           -629 
 58.1         -629 
 58.2         -629 
 58.4         -629 
 58.5         -629 
 58.6         -604 
 58.7         -551 
 59           -525 
 59.1         -525 
 59.2         -525 
 59.4         -531 
 59.5         -533 
 59.6         -534 
 59.7         -535 
 60           -540 
 60.1         -542 
 60.2         -545 
 60.4         -547 
 60.5         -550 
 60.6         -550 
 60.7         -552 
 60.9         -555 
 61           -556 
 61.2         -557 
 61.4         -560 
 61.5         -561 
 61.6         -562 
 61.7         -564 
 61.9         -566 
 62           -567 
 62.1         -569 
 62.2         -570 
 62.4         -572 
 62.5         -572 
 62.6         -574 
 62.7         -575 
 62.9         -578 
 63           -579 
 63.1         -580 
 63.2         -581 
 63.4         -583 
 63.5         -585 
 63.6         -586 
 63.7         -587 
 63.9         -589 
 64           -591 
 64.2         -593 
 64.4         -596 
 64.6         -596 
 64.7         -598 
 64.9         -600 
 65.1         -602 
 65.2         -604 
 65.4         -605 
 65.6         -608 
 65.8         -609 
 65.9         -610 
 66.1         -612 
 66.2         -614 
 66.4         -617 
 66.6         -618 
 66.8         -629 
 66.9         -629 
 67.1         -629 
 67.2         -629 
 67.4         -629 
 67.6         -629 
 67.7         -629 
 68           -629 
 68.2         -588 
 68.4         -569 
 68.6         -569 
 68.7         -572 
 68.9         -575 
 69.2         -578 
 69.4         -580 
 69.6         -584 
 69.7         -585 
 69.9         -588 
 70.2         -592 
 70.4         -594 
 70.6         -597 
 70.7         -598 
 70.9         -600 
 71.1         -603 
 71.2         -604 
 71.4         -606 
 71.6         -608 
 71.7         -608 
 71.9         -611 
 72.1         -613 
 72.2         -615 
 72.4         -617 
 72.6         -629 
 72.7         -629 
 72.9         -629 
 73.1         -629 
 73.2         -629 
 73.4         -629 
 73.6         -629 
 73.7         -629 
 73.9         -624 
 74.1         -530 
 74.2         -530 
 74.4         -530 
 74.6         -533 
 74.7         -534 
 74.9         -539 
 75.1         -542 
 75.2         -543 
 75.4         -547 
 75.6         -551 
 75.8         -552 
 75.9         -554 
 76.1         -557 
 76.2         -558 
 76.4         -563 
 76.6         -565 
 76.8         -566 
 76.9         -568 
 77.1         -570 
 77.2         -572 
 77.4         -574 
 77.6         -577 
 77.7         -578 
 78           -581 
 78.2         -583 
 78.4         -586 
 78.6         -587 
 78.7         -589 
 78.9         -592 
 79.1         -592 
 79.2         -595 
 79.4         -597 
 79.6         -600 
 79.7         -601 
 80           -604 
 80.2         -606 
 80.4         -609 
 80.6         -610 
 80.7         -612 
 80.9         -614 
 81.2         -617 
 81.4         -629 
 81.6         -629 
 81.7         -629 
 81.9         -629 
 82.1         -629 
 82.2         -629 
 82.4         -629 
 82.6         -629 
 82.7         -622 
 82.9         -517 
 83.1         -517 
 83.3         -517 
 83.4         -522 
 83.6         -525 
 83.7         -527 
 83.9         -532 
 84.1         -535 
 84.2         -537 
 84.5         -539 
 84.7         -543 
 84.9         -547 
 85.1         -550 
 85.3         -553 
 85.4         -553 
 85.6         -555 
 85.7         -558 
 85.9         -560 
 86.1         -563 
 86.2         -564 
 86.5         -567 
 86.7         -569 
 86.9         -572 
 87.1         -574 
 87.2         -576 
 87.4         -577 
 87.6         -579 
 87.7         -580 
 87.9         -582 
 88.1         -586 
 88.2         -587 
 88.4         -590 
 88.7         -592 
 88.9         -595 
 89.1         -596 
 89.2         -598 
 89.4         -600 
 89.6         -603 
 89.7         -604 
 89.9         -605 
 90.1         -608 
 90.2         -608 
 90.4         -611 
 90.6         -613 
 90.7         -615 
 91           -617 
 91.2         -629 
 91.4         -629 
 91.6         -629 
 91.7         -629 
 91.9         -629 
 92.1         -629 
 92.2         -629 
 92.4         -629 
 92.6         -508 
 92.7         -508 
 92.9         -508 
 93.1         -511 
 93.3         -513 
 93.4         -515 
 93.6         -520 
 93.7         -521 
 93.9         -525 
 94.1         -528 
 94.3         -531 
 94.4         -532 
 94.6         -534 
 94.7         -537 
 94.9         -542 
 95.1         -544 
 95.2         -545 
 95.5         -548 
 95.7         -550 
 95.9         -554 
 96.1         -556 
 96.2         -557 
 96.4         -559 
 96.7         -562 
 96.9         -565 
 97.1         -567 
 97.2         -569 
 97.4         -572 
 97.7         -574 
 97.9         -576 
 98.1         -579 
 98.2         -581 
 98.4         -584 
 98.6         -586 
 98.7         -587 
 98.9         -589 
 99.1         -590 
 99.2         -592 
 99.4         -594 
 99.6         -596 
 99.7         -598 
 99.9         -599 
 100.1        -601 
 100.2        -602 
 100.4        -605 
 100.6        -606 
 100.7        -608 
 100.9        -610 
 101.1        -611 
 101.2        -613 
 101.4        -615 
 101.6        -618 
 101.7        -629 
 101.9        -629 
 102.1        -629 
 102.3        -629 
 102.4        -629 
 102.6        -629 
 102.7        -629 
 102.9        -629 
 103.1        -626 
 103.2        -585 
 103.4        -528 
 103.6        -499 
 103.7        -499 
 103.9        -504 
 104.1        -507 
 104.2        -509 
 104.5        -514 
 104.7        -518 
 104.9        -521 
 105.1        -526 
 105.2        -527 
 105.4        -531 
 105.6        -532 
 105.7        -533 
 105.9        -536 
 106.1        -538 
 106.2        -541 
 106.4        -543 
 106.6        -546 
 106.8        -547 
 106.9        -548 
 107.1        -551 
 107.2        -552 
 107.4        -555 
 107.6        -557 
 107.7        -559 
 107.9        -560 
 108.1        -562 
 108.2        -564 
 108.4        -567 
 108.6        -570 
 108.7        -570 
 109          -574 
 109.2        -576 
 109.4        -578 
 109.6        -580 
 109.7        -582 
 109.9        -585 
 110.2        -587 
 110.4        -589 
 110.6        -592 
 110.7        -592 
 110.9        -595 
 111.2        -596 
 111.4        -599 
 111.6        -601 
 111.7        -604 
 111.9        -607 
 112.1        -608 
 112.2        -610 
 112.4        -611 
 112.6        -613 
 112.7        -614 
 112.9        -617 
 113.1        -628 
 113.2        -628 
 113.4        -627 
 113.6        -627 
 113.7        -627 
 113.9        -627 
 114.1        -627 
 114.2        -627 
 114.5        -627 
 114.7        -524 
 114.9        -524 
 115.1        -526 
 115.2        -528 
 115.4        -533 
 115.7        -535 
 115.9        -540 
 116.1        -542 
 116.2        -545 
 116.4        -547 
 116.6        -550 
 116.8        -552 
 116.9        -553 
 117.1        -556 
 117.2        -557 
 117.4        -560 
 117.6        -562 
 117.7        -564 
 117.9        -566 
 118.1        -568 
 118.2        -570 
 118.4        -572 
 118.6        -575 
 118.7        -576 
 119          -579 
 119.2        -581 
 119.4        -584 
 119.6        -586 
 119.7        -587 
 119.9        -589 
 120.2        -592 
 120.4        -594 
 120.6        -597 
 120.7        -598 
 120.9        -601 
 121.2        -603 
 121.4        -606 
 121.6        -609 
 121.7        -610 
 121.9        -612 
 122.1        -615 
 122.2        -616 
 122.4        -616 
 122.6        -619 
 122.7        -620 
 122.9        -623 
 123.1        -625 
 123.2        -627 
 123.4        -627 
 123.6        -629 
 123.7        -629 
 123.9        -629 
 124.1        -592 
 124.2        -592 
 124.4        -592 
 124.6        -593 
 124.7        -597 
 124.9        -599 
 125.1        -603 
 125.2        -604 
 125.4        -606 
 125.6        -609 
 125.8        -609 
 125.9        -612 
 126.1        -614 
 126.2        -615 
 126.4        -629 
 126.6        -629 
 126.7        -629 
 127          -629 
 127.2        -629 
 127.4        -629 
 127.6        -629 
 127.7        -629 
 128          -565 
 128.2        -565 
 128.3        -566 
 128.5        -570 
 128.7        -574 
 128.8        -575 
 129          -579 
 129.2        -580 
 129.3        -581 
 129.5        -585 
 129.7        -586 
 129.8        -589 
 130          -591 
 130.2        -594 
 130.4        -595 
 130.6        -598 
 130.8        -600 
 131          -603 
 131.2        -605 
 131.4        -608 
 131.6        -610 
 131.8        -613 
 132          -615 
 132.2        -628 
 132.3        -628 
 132.6        -628 
 132.8        -628 
 133          -628 
 133.2        -628 
 133.3        -628 
 133.5        -628 
 133.8        -566 
 134          -566 
 134.2        -568 
 134.3        -570 
 134.5        -574 
 134.8        -579 
 135          -581 
 135.2        -585 
 135.3        -586 
 135.5        -589 
 135.7        -592 
 135.8        -592 
 136          -595 
 136.2        -596 
 136.3        -597 
 136.5        -600 
 136.7        -603 
 136.8        -605 
 137          -606 
 137.2        -608 
 137.3        -609 
 137.5        -611 
 137.7        -615 
 137.8        -617 
 138          -630 
 138.2        -630 
 138.3        -630 
 138.5        -630 
 138.7        -630 
 138.8        -630 
 139          -630 
 139.2        -630 
 139.3        -630 
 139.5        -569 
 139.7        -525 
 139.8        -525 
 140          -525 
 140.2        -531 
 140.4        -533 
 140.6        -535 
 140.8        -540 
 141          -545 
 141.2        -547 
 141.4        -550 
 141.6        -552 
 141.8        -556 
 142          -558 
 142.2        -561 
 142.3        -562 
 142.6        -565 
 142.8        -567 
 143          -570 
 143.2        -572 
 143.3        -575 
 143.5        -576 
 143.8        -580 
 144          -582 
 144.2        -585 
 144.3        -586 
 144.5        -589 
 144.8        -591 
 145          -594 
 145.2        -597 
 145.3        -597 
 145.5        -600 
 145.7        -602 
 145.8        -603 
 146          -605 
 146.2        -607 
 146.3        -608 
 146.5        -611 
 146.7        -613 
 146.8        -614 
 147.1        -617 
 147.3        -630 
 147.5        -630 
 147.7        -630 
 147.8        -630 
 148          -630 
 148.2        -630 
 148.3        -630 
 148.5        -630 
 148.7        -558 
 148.8        -517 
 149          -517 
 149.2        -518 
 149.4        -521 
 149.6        -526 
 149.8        -529 
 150          -534 
 150.2        -536 
 150.3        -538 
 150.5        -540 
 150.7        -544 
 150.8        -545 
 151          -549 
 151.2        -552 
 151.3        -553 
 151.6        -555 
 151.8        -558 
 152          -561 
 152.2        -564 
 152.3        -565 
 152.5        -568 
 152.8        -570 
 153          -574 
 153.2        -575 
 153.3        -576 
 153.5        -579 
 153.7        -582 
 153.9        -583 
 154.1        -585 
 154.3        -587 
 154.5        -591 
 154.7        -593 
 154.8        -595 
 155          -596 
 155.2        -598 
 155.3        -600 
 155.5        -601 
 155.7        -604 
 155.8        -606 
 156          -608 
 156.2        -608 
 156.3        -610 
 156.5        -613 
 156.7        -615 
 156.8        -616 
 157          -628 
 157.2        -628 
 157.3        -628 
 157.5        -628 
 157.7        -628 
 157.8        -628 
 158          -628 
 158.2        -628 
 158.3        -628 
 158.5        -568 
 158.7        -539 
 158.8        -539 
 159          -541 
 159.2        -546 
 159.4        -548 
 159.6        -552 
 159.8        -555 
 160          -558 
 160.2        -561 
 160.4        -563 
 160.6        -566 
 160.8        -569 
 161          -572 
 161.2        -575 
 161.3        -576 
 161.6        -579 
 161.8        -581 
 162          -584 
 162.2        -587 
 162.3        -588 
 162.5        -590 
 162.8        -593 
 163          -595 
 163.2        -597 
 163.3        -598 
 163.5        -601 
 163.8        -603 
 164          -607 
 164.2        -610 
 164.3        -610 
 164.5        -613 
 164.7        -615 
 164.8        -628 
 165          -628 
 165.2        -628 
 165.3        -628 
 165.5        -628 
 165.7        -628 
 165.8        -628 
 166          -628 
 166.2        -628 
 166.3        -628 
 166.5        -550 
 166.7        -483 
 166.8        -483 
 167          -483 
 167.2        -485 
 167.3        -487 
 167.5        -495 
 167.7        -500 
 167.8        -502 
 168          -506 
 168.2        -508 
 168.4        -510 
 168.6        -514 
 168.8        -517 
 169          -520 
 169.2        -523 
 169.3        -524 
 169.6        -526 
 169.8        -530 
 170          -533 
 170.2        -535 
 170.3        -536 
 170.6        -540 
 170.8        -544 
 171          -545 
 171.2        -548 
 171.3        -550 
 171.5        -553 
 171.8        -555 
 172          -558 
 172.2        -560 
 172.3        -561 
 172.5        -563 
 172.7        -566 
 172.8        -567 
 173          -568 
 173.2        -570 
 173.3        -572 
 173.5        -575 
 173.7        -576 
 173.8        -577 
 174          -579 
 174.2        -583 
 174.3        -584 
 174.5        -586 
 174.7        -589 
 174.8        -589 
 175          -592 
 175.2        -593 
 175.3        -594 
 175.5        -596 
 175.7        -598 
 175.8        -600 
 176          -602 
 176.2        -605 
 176.4        -606 
 176.6        -608 
 176.8        -610 
 177          -613 
 177.2        -614 
 177.3        -616 
 177.5        -617 
 177.7        -630 
 177.8        -630 
 178          -630 
 178.2        -630 
 178.4        -630 
 178.6        -630 
 178.8        -630 
 179          -630 
 179.2        -553 
 179.3        -496 
 179.6        -496 
 179.8        -499 
 180          -503 
 180.2        -509 
 180.3        -513 
 180.6        -515 
 180.8        -520 
 181          -522 
 181.2        -526 
 181.3        -526 
 181.5        -530 
 181.8        -532 
 182          -535 
 182.2        -538 
 182.3        -539 
 182.5        -542 
 182.7        -545 
 182.8        -546 
 183          -547 
 183.2        -552 
 183.3        -553 
 183.5        -555 
 183.8        -557 
 184          -560 
 184.2        -562 
 184.3        -564 
 184.5        -566 
 184.7        -569 
 184.8        -570 
 185          -571 
 185.2        -574 
 185.3        -575 
 185.5        -578 
 185.7        -579 
 185.8        -581 
 186          -582 
 186.2        -584 
 186.3        -586 
 186.5        -588 
 186.7        -591 
 186.8        -592 
 187          -595 
 187.2        -596 
 187.3        -597 
 187.5        -600 
 187.7        -601 
 187.8        -603 
 188          -605 
 188.2        -607 
 188.4        -608 
 188.6        -611 
 188.8        -613 
 189          -616 
 189.2        -617 
 189.4        -629 
 189.6        -629 
 189.8        -629 
 190          -629 
 190.2        -629 
 190.3        -629 
 190.6        -629 
 190.8        -603 
 191          -506 
 191.2        -506 
 191.3        -509 
 191.5        -513 
 191.8        -518 
 192          -521 
 192.2        -525 
 192.3        -526 
 192.6        -530 
 192.8        -535 
 193          -537 
 193.2        -541 
 193.3        -542 
 193.5        -545 
 193.8        -547 
 194          -551 
 194.2        -553 
 194.3        -555 
 194.5        -556 
 194.7        -559 
 194.8        -561 
 195          -561 
 195.2        -564 
 195.3        -565 
 195.5        -568 
 195.7        -571 
 195.8        -571 
 196          -574 
 196.2        -576 
 196.3        -578 
 196.5        -580 
 196.7        -583 
 196.8        -583 
 197          -586 
 197.2        -587 
 197.3        -588 
 197.5        -591 
 197.7        -593 
 197.8        -595 
 198          -596 
 198.2        -599 
 198.4        -600 
 198.6        -602 
 198.8        -604 
 199          -607 
 199.2        -609 
 199.4        -611 
 199.6        -614 
 199.8        -616 
 200          -629 
 200.2        -629 
 200.3        -629 
 200.6        -629 
 200.8        -629 
 201          -629 
 201.2        -629 
 201.3        -629 
 201.5        -612 
 201.8        -473 
 202          -473 
 202.2        -476 
 202.3        -478 
 202.5        -484 
 202.8        -489 
 203          -494 
 203.2        -498 
 203.3        -499 
 203.5        -502 
 203.7        -505 
 203.8        -507 
 204          -509 
 204.2        -512 
 204.3        -513 
 204.5        -517 
 204.7        -519 
 204.8        -521 
 205          -523 
 205.2        -525 
 205.3        -526 
 205.5        -528 
 205.7        -531 
 205.8        -533 
 206          -535 
 206.2        -537 
 206.3        -539 
 206.5        -542 
 206.7        -545 
 206.8        -546 
 207          -547 
 207.2        -551 
 207.4        -552 
 207.6        -555 
 207.8        -556 
 208          -559 
 208.2        -562 
 208.3        -563 
 208.6        -565 
 208.8        -567 
 209          -569 
 209.2        -572 
 209.3        -574 
 209.6        -576 
 209.8        -579 
 210          -581 
 210.2        -584 
 210.3        -585 
 210.5        -587 
 210.8        -589 
 211          -592 
 211.2        -594 
 211.3        -595 
 211.5        -597 
 211.7        -599 
 211.8        -601 
 212          -601 
 212.2        -604 
 212.3        -606 
 212.5        -608 
 212.8        -610 
 213          -612 
 213.2        -615 
 213.3        -616 
 213.5        -617 
 213.7        -629 
 213.8        -629 
 214          -629 
 214.2        -629 
 214.3        -629 
 214.5        -629 
 214.7        -629 
 214.8        -629 
 215.1        -629 
 215.3        -517 
 215.5        -517 
 215.7        -523 
 215.8        -524 
 216          -529 
 216.2        -531 
 216.3        -532 
 216.5        -536 
 216.7        -538 
 216.8        -541 
 217          -544 
 217.2        -547 
 217.4        -548 
 217.6        -552 
 217.8        -554 
 218          -557 
 218.2        -559 
 218.3        -561 
 218.5        -562 
 218.7        -564 
 218.8        -566 
 219          -570 
 219.2        -572 
 219.3        -573 
 219.6        -576 
 219.8        -578 
 220          -581 
 220.2        -584 
 220.3        -584 
 220.5        -586 
 220.8        -588 
 221          -591 
 221.2        -593 
 221.3        -594 
 221.5        -597 
 221.8        -599 
 222          -603 
 222.2        -605 
 222.3        -606 
 222.5        -609 
 222.8        -610 
 223          -613 
 223.2        -615 
 223.3        -617 
 223.5        -629 
 223.7        -629 
 223.8        -629 
 224          -629 
 224.2        -629 
 224.3        -629 
 224.5        -629 
 224.7        -629 
 224.8        -629 
 225          -627 
 225.2        -517 
 225.3        -517 
 225.5        -517 
 225.7        -523 
 225.8        -525 
 226          -530 
 226.2        -531 
 226.3        -533 
 226.5        -536 
 226.7        -539 
 226.8        -541 
 227          -543 
 227.2        -546 
 227.4        -548 
 227.6        -551 
 227.8        -554 
 228          -556 
 228.2        -559 
 228.4        -560 
 228.6        -564 
 228.8        -567 
 229          -568 
 229.2        -571 
 229.3        -572 
 229.6        -575 
 229.8        -577 
 230          -580 
 230.2        -582 
 230.3        -584 
 230.5        -586 
 230.8        -589 
 231          -590 
 231.2        -593 
 231.3        -594 
 231.5        -596 
 231.8        -599 
 232          -602 
 232.2        -605 
 232.3        -606 
 232.5        -608 
 232.7        -611 
 232.8        -611 
 233          -613 
 233.2        -615 
 233.3        -616 
 233.5        -629 
 233.7        -629 
 233.8        -629 
 234          -629 
 234.2        -629 
 234.3        -629 
 234.5        -629 
 234.7        -629 
 234.8        -629 
 235          -550 
 235.2        -510 
 235.3        -510 
 235.5        -513 
 235.7        -518 
 235.8        -519 
 236          -524 
 236.2        -527 
 236.4        -528 
 236.6        -533 
 236.8        -534 
 237          -538 
 237.2        -542 
 237.3        -543 
 237.6        -545 
 237.8        -548 
 238          -551 
 238.2        -554 
 238.3        -555 
 238.6        -558 
 238.8        -562 
 239          -564 
 239.2        -567 
 239.3        -568 
 239.5        -571 
 239.8        -573 
 240          -576 
 240.2        -577 
 240.3        -578 
 240.5        -581 
 240.7        -584 
 240.8        -585 
 241          -586 
 241.2        -589 
 241.3        -589 
 241.5        -592 
 241.7        -594 
 241.8        -595 
 242          -597 
 242.2        -599 
 242.3        -601 
 242.5        -603 
 242.7        -606 
 242.8        -607 
 243          -610 
 243.2        -610 
 243.3        -611 
 243.5        -614 
 243.7        -616 
 243.8        -617 
 244          -630 
 244.3        -630 
 244.5        -630 
 244.7        -630 
 244.8        -630 
 245          -630 
 245.2        -630 
 245.4        -630 
 245.6        -532 
 245.8        -532 
 246          -534 
 246.2        -539 
 246.3        -541 
 246.5        -542 
 246.7        -545 
 246.8        -547 
 247          -551 
 247.2        -554 
 247.3        -556 
 247.5        -558 
 247.7        -559 
 247.8        -561 
 248          -563 
 248.2        -566 
 248.3        -568 
 248.5        -571 
 248.7        -571 
 248.8        -574 
 249          -576 
 249.2        -579 
 249.3        -581 
 249.5        -583 
 249.7        -586 
 249.9        -586 
 250.1        -589 
 250.3        -591 
 250.5        -594 
 250.7        -596 
 250.8        -598 
 251.1        -599 
 251.3        -603 
 251.5        -604 
 251.7        -608 
 251.8        -609 
 252          -610 
 252.2        -613 
 252.3        -615 
 252.5        -616 
 252.7        -628 
 252.8        -628 
 253          -628 
 253.2        -628 
 253.3        -628 
 253.5        -628 
 253.7        -628 
 253.8        -628 
 254          -628 
 254.3        -507 
 254.5        -480 
 254.7        -480 
 254.8        -483 
 255          -491 
 255.2        -493 
 255.4        -497 
 255.6        -500 
 255.8        -504 
 256          -507 
 256.1        -508 
 256.3        -512 
 256.5        -514 
 256.6        -515 
 256.8        -517 
 257          -521 
 257.1        -523 
 257.3        -524 
 257.5        -528 
 257.7        -529 
 257.8        -531 
 258          -533 
 258.1        -534 
 258.3        -538 
 258.5        -542 
 258.6        -542 
 258.8        -544 
 259          -546 
 259.1        -547 
 259.3        -550 
 259.5        -552 
 259.6        -555 
 259.9        -556 
 260          -557 
 260.1        -559 
 260.3        -561 
 260.5        -564 
 260.6        -565 
 260.8        -567 
 261.1        -569 
 261.3        -572 
 261.5        -574 
 261.6        -575 
 261.8        -579 
 262.1        -581 
 262.3        -583 
 262.5        -586 
 262.6        -586 
 262.8        -589 
 263          -591 
 263.1        -593 
 263.3        -594 
 263.5        -595 
 263.6        -597 
 263.8        -599 
 264          -602 
 264.1        -602 
 264.3        -605 
 264.5        -606 
 264.6        -606 
 264.8        -609 
 265          -611 
 265.1        -614 
 265.3        -616 
 265.5        -617 
 265.6        -629 
 265.8        -629 
 266          -629 
 266.1        -629 
 266.3        -629 
 266.5        -629 
 266.7        -629 
 266.8        -629 
 267          -629 
 267.1        -574 
 267.3        -523 
 267.5        -523 
 267.6        -523 
 267.9        -528 
 268          -529 
 268.1        -531 
 268.3        -535 
 268.5        -540 
 268.6        -542 
 268.9        -544 
 269          -546 
 269.1        -547 
 269.3        -551 
 269.5        -553 
 269.6        -555 
 269.8        -557 
 270.1        -560 
 270.3        -563 
 270.5        -565 
 270.6        -566 
 270.8        -568 
 271          -571 
 271.1        -573 
 271.3        -573 
 271.5        -576 
 271.6        -578 
 271.8        -581 
 272          -584 
 272.1        -585 
 272.3        -586 
 272.5        -588 
 272.6        -590 
 272.8        -593 
 273          -594 
 273.1        -595 
 273.3        -597 
 273.5        -599 
 273.6        -600 
 273.8        -602 
 274          -605 
 274.1        -606 
 274.3        -607 
 274.6        -610 
 274.8        -613 
 275          -615 
 275.1        -616 
 275.3        -629 
 275.5        -629 
 275.7        -629 
 275.8        -629 
 276          -629 
 276.1        -629 
 276.3        -629 
 276.5        -629 
 276.6        -629 
 276.9        -525 
 277          -514 
 277.1        -514 
 277.3        -514 
 277.5        -520 
 277.6        -522 
 277.8        -527 
 278          -528 
 278.1        -530 
 278.3        -534 
 278.5        -537 
 278.6        -540 
 278.8        -542 
 279.1        -545 
 279.3        -548 
 279.5        -551 
 279.6        -552 
 279.8        -555 
 280          -557 
 280.1        -559 
 280.3        -560 
 280.5        -562 
 280.6        -565 
 280.8        -566 
 281          -569 
 281.1        -570 
 281.4        -573 
 281.5        -574 
 281.6        -575 
 281.8        -577 
 282          -582 
 282.1        -583 
 282.3        -585 
 282.5        -586 
 282.6        -587 
 282.8        -589 
 283          -592 
 283.1        -593 
 283.3        -596 
 283.5        -597 
 283.7        -599 
 283.8        -600 
 284          -602 
 284.1        -604 
 284.3        -606 
 284.5        -608 
 284.6        -609 
 284.8        -610 
 285          -613 
 285.1        -613 
 285.3        -628 
 285.5        -628 
 285.6        -628 
 285.9        -628 
 286          -628 
 286.1        -628 
 286.3        -628 
 286.5        -628 
 286.6        -628 
 286.8        -615 
 287.1        -522 
 287.3        -522 
 287.5        -524 
 287.6        -525 
 287.8        -529 
 288.1        -534 
 288.3        -536 
 288.5        -540 
 288.6        -542 
 288.8        -546 
 289          -550 
 289.1        -551 
 289.3        -552 
 289.5        -555 
 289.6        -556 
 289.8        -560 
 290          -562 
 290.1        -563 
 290.3        -565 
 290.5        -566 
 290.6        -568 
 290.8        -571 
 291          -574 
 291.1        -575 
 291.3        -576 
 291.5        -578 
 291.6        -579 
 291.8        -583 
 292          -586 
 292.1        -587 
 292.3        -589 
 292.5        -592 
 292.7        -593 
 292.8        -594 
 293          -596 
 293.1        -598 
 293.3        -600 
 293.5        -602 
 293.6        -603 
 293.9        -605 
 294          -606 
 294.1        -608 
 294.3        -609 
 294.5        -612 
 294.6        -614 
 294.9        -616 
 295          -617 
 295.1        -629 
 295.3        -629 
 295.5        -629 
 295.6        -629 
 295.8        -629 
 296.1        -629 
 296.3        -629 
 296.5        -615 
 296.6        -567 
 296.8        -538 
 297          -538 
 297.2        -542 
 297.3        -543 
 297.5        -547 
 297.6        -550 
 297.8        -552 
 298          -555 
 298.2        -556 
 298.3        -560 
 298.5        -562 
 298.6        -563 
 298.8        -566 
 299          -569 
 299.1        -571 
 299.3        -572 
 299.5        -576 
 299.6        -576 
 299.8        -578 
 300          -581 
 300.1        -582 
 300.3        -585 
 300.5        -586 
 300.6        -586 
 300.8        -589 
 301          -591 
 301.1        -594 
 301.3        -596 
 301.5        -597 
 301.6        -599 
 301.8        -602 
 302          -604 
 302.1        -605 
 302.3        -607 
 302.5        -610 
 302.7        -611 
 302.8        -612 
 303          -615 
 303.1        -616 
 303.3        -628 
 303.5        -628 
 303.6        -627 
 303.9        -627 
 304          -627 
 304.1        -627 
 304.3        -627 
 304.5        -627 
 304.7        -627 
 304.8        -592 
 305          -557 
 305.1        -557 
 305.3        -561 
 305.5        -564 
 305.6        -566 
 305.9        -569 
 306          -570 
 306.1        -573 
 306.3        -575 
 306.5        -578 
 306.6        -579 
 306.8        -583 
 307.1        -585 
 307.3        -588 
 307.5        -589 
 307.6        -591 
 307.8        -595 
 308.1        -598 
 308.3        -599 
 308.5        -602 
 308.6        -604 
 308.8        -606 
 309          -608 
 309.1        -610 
 309.3        -611 
 309.5        -613 
 309.6        -615 
 309.8        -616 
 310          -629 
 310.1        -629 
 310.3        -629 
 310.5        -629 
 310.6        -629 
 310.8        -629 
 311          -629 
 311.1        -629 
 311.3        -622 
 311.5        -541 
 311.6        -541 
 311.8        -541 
 312          -546 
 312.1        -548 
 312.3        -553 
 312.5        -555 
 312.7        -558 
 312.8        -559 
 313          -562 
 313.1        -564 
 313.3        -566 
 313.5        -569 
 313.6        -571 
 313.9        -574 
 314          -576 
 314.1        -578 
 314.3        -580 
 314.5        -583 
 314.7        -584 
 314.8        -585 
 315          -588 
 315.1        -589 
 315.3        -592 
 315.5        -594 
 315.6        -594 
 315.9        -597 
 316          -598 
 316.1        -599 
 316.3        -602 
 316.5        -605 
 316.6        -606 
 316.9        -608 
 317          -609 
 317.1        -611 
 317.3        -614 
 317.5        -616 
 317.6        -628 
 317.8        -628 
 318.1        -628 
 318.3        -628 
 318.5        -628 
 318.6        -628 
 318.8        -628 
 319          -628 
 319.1        -628 
 319.3        -546 
 319.5        -532 
 319.6        -532 
 319.8        -534 
 320          -539 
 320.1        -541 
 320.3        -542 
 320.5        -546 
 320.6        -547 
 320.8        -553 
 321          -555 
 321.1        -557 
 321.3        -560 
 321.5        -560 
 321.6        -563 
 321.8        -565 
 322          -568 
 322.1        -569 
 322.3        -572 
 322.5        -574 
 322.7        -576 
 322.8        -577 
 323          -579 
 323.1        -581 
 323.3        -583 
 323.5        -586 
 323.7        -586 
 323.8        -588 
 324          -590 
 324.1        -593 
 324.3        -596 
 324.5        -597 
 324.6        -599 
 324.9        -600 
 325          -603 
 325.1        -603 
 325.3        -605 
 325.5        -608 
 325.6        -609 
 325.8        -612 
 326.1        -614 
 326.3        -617 
 326.5        -629 
 326.6        -629 
 326.8        -629 
 327.1        -629 
 327.3        -629 
 327.5        -629 
 327.6        -629 
 327.8        -629 
 328          -517 
 328.1        -504 
 328.3        -504 
 328.5        -504 
 328.6        -507 
 328.8        -511 
 329          -516 
 329.1        -518 
 329.3        -522 
 329.5        -523 
 329.6        -525 
 329.8        -529 
 330          -531 
 330.1        -534 
 330.3        -535 
 330.5        -537 
 330.6        -539 
 330.8        -543 
 331          -545 
 331.1        -546 
 331.3        -550 
 331.5        -553 
 331.7        -554 
 331.8        -555 
 332          -558 
 332.1        -559 
 332.3        -562 
 332.5        -564 
 332.6        -565 
 332.8        -566 
 333          -569 
 333.1        -569 
 333.3        -572 
 333.5        -575 
 333.6        -576 
 333.9        -578 
 334          -580 
 334.1        -581 
 334.3        -584 
 334.5        -586 
 334.6        -588 
 334.8        -590 
 335.1        -593 
 335.3        -595 
 335.5        -597 
 335.6        -598 
 335.8        -601 
 336          -603 
 336.2        -603 
 336.3        -605 
 336.5        -607 
 336.6        -609 
 336.8        -610 
 337          -613 
 337.1        -614 
 337.3        -615 
 337.5        -617 
 337.6        -628 
 337.8        -628 
 338          -628 
 338.1        -628 
 338.4        -628 
 338.5        -628 
 338.6        -628 
 338.8        -628 
 339          -595 
 339.1        -542 
 339.3        -522 
 339.6        -522 
 339.8        -527 
 340          -531 
 340.1        -534 
 340.3        -537 
 340.6        -541 
 340.8        -543 
 341          -547 
 341.1        -549 
 341.3        -552 
 341.5        -554 
 341.6        -556 
 341.8        -557 
 342          -561 
 342.1        -561 
 342.3        -564 
 342.5        -566 
 342.6        -567 
 342.8        -571 
 343          -571 
 343.1        -572 
 343.3        -576 
 343.5        -577 
 343.6        -579 
 343.8        -581 
 344          -582 
 344.1        -584 
 344.3        -588 
 344.5        -589 
 344.6        -591 
 344.8        -593 
 345          -595 
 345.2        -597 
 345.3        -597 
 345.5        -600 
 345.6        -601 
 345.8        -603 
 346          -606 
 346.1        -606 
 346.4        -609 
 346.5        -610 
 346.6        -611 
 346.8        -614 
 347          -616 
 347.1        -617 
 347.4        -629 
 347.5        -629 
 347.6        -629 
 347.8        -629 
 348          -629 
 348.1        -629 
 348.3        -629 
 348.6        -629 
 348.8        -565 
 349          -563 
 349.1        -563 
 349.3        -565 
 349.5        -569 
 349.6        -570 
 349.8        -573 
 350          -575 
 350.1        -576 
 350.3        -579 
 350.5        -582 
 350.6        -584 
 350.8        -585 
 351          -589 
 351.1        -590 
 351.3        -593 
 351.5        -595 
 351.6        -597 
 351.8        -598 
 352          -599 
 352.1        -601 
 352.3        -603 
 352.5        -606 
 352.6        -607 
 352.8        -609 
 353          -612 
 353.2        -612 
 353.3        -614 
 353.5        -617 
 353.6        -617 
 353.8        -619 
 354          -622 
 354.2        -623 
 354.3        -624 
 354.5        -627 
 354.6        -628 
 354.8        -630 
 355          -630 
 355.1        -597 
 355.4        -597 
 355.5        -597 
 355.6        -600 
 355.8        -603 
 356          -606 
 356.1        -606 
 356.3        -609 
 356.6        -611 
 356.8        -615 
 357          -628 
 357.1        -628 
 357.3        -628 
 357.6        -628 
 357.8        -628 
 358          -628 
 358.1        -628 
 358.3        -625 
 358.5        -539 
 358.6        -531 
 358.8        -531 
 359          -531 
 359.1        -535 
 359.3        -538 
 359.5        -543 
 359.6        -544 
 359.8        -548 
 360          -549 
 360.1        -551 
 360.3        -555 
 360.5        -556 
 360.6        -559 
 360.8        -561 
 361          -562 
 361.1        -564 
 361.3        -568 
 361.5        -570 
 361.6        -572 
 361.8        -575 
 362          -577 
 362.2        -579 
 362.3        -580 
 362.5        -583 
 362.6        -583 
 362.8        -585 
 363          -588 
 363.1        -589 
 363.4        -592 
 363.5        -593 
 363.6        -594 
 363.8        -597 
 364          -599 
 364.1        -600 
 364.4        -602 
 364.5        -605 
 364.6        -606 
 364.8        -609 
 365          -610 
 365.1        -611 
 365.3        -614 
 365.6        -617 
 365.8        -629 
 366          -629 
 366.1        -629 
 366.3        -629 
 366.5        -629 
 366.6        -629 
 366.8        -629 
 367          -629 
 367.1        -629 
 367.3        -575 
 367.5        -496 
 367.6        -496 
 367.8        -496 
 368          -503 
 368.1        -504 
 368.3        -509 
 368.5        -513 
 368.6        -515 
 368.8        -517 
 369          -519 
 369.1        -522 
 369.3        -524 
 369.5        -527 
 369.6        -529 
 369.8        -532 
 370.1        -534 
 370.3        -538 
 370.5        -540 
 370.6        -541 
 370.8        -545 
 371          -547 
 371.1        -548 
 371.3        -550 
 371.5        -553 
 371.6        -554 
 371.8        -557 
 372          -559 
 372.2        -561 
 372.3        -562 
 372.5        -564 
 372.6        -566 
 372.8        -568 
 373          -571 
 373.1        -571 
 373.4        -574 
 373.5        -576 
 373.6        -576 
 373.8        -579 
 374          -583 
 374.1        -583 
 374.4        -586 
 374.5        -587 
 374.6        -588 
 374.8        -590 
 375          -593 
 375.1        -593 
 375.3        -596 
 375.6        -597 
 375.8        -600 
 376          -602 
 376.1        -604 
 376.3        -606 
 376.5        -608 
 376.6        -609 
 376.8        -610 
 377          -613 
 377.1        -613 
 377.3        -616 
 377.5        -630 
 377.6        -630 
 377.8        -630 
 378          -630 
 378.1        -630 
 378.3        -630 
 378.5        -630 
 378.6        -630 
 378.8        -630 
 379          -630 
 379.1        -612 
 379.3        -547 
 379.5        -547 
 379.6        -549 
 379.8        -552 
 380          -556 
 380.2        -558 
 380.3        -559 
 380.5        -563 
 380.6        -564 
 380.8        -568 
 381          -571 
 381.2        -573 
 381.3        -574 
 381.5        -577 
 381.6        -578 
 381.8        -581 
 382          -583 
 382.1        -584 
 382.4        -586 
 382.5        -587 
 382.6        -589 
 382.8        -591 
 383          -594 
 383.1        -595 
 383.3        -597 
 383.5        -599 
 383.6        -600 
 383.8        -603 
 384          -604 
 384.1        -607 
 384.3        -609 
 384.6        -612 
 384.8        -613 
 385          -616 
 385.1        -629 
 385.3        -629 
 385.5        -629 
 385.7        -629 
 385.8        -629 
 386          -629 
 386.1        -629 
 386.3        -629 
 386.5        -629 
 386.6        -617 
 386.9        -530 
 387          -530 
 387.1        -530 
 387.3        -534 
 387.5        -539 
 387.6        -543 
 387.8        -545 
 388          -547 
 388.1        -549 
 388.3        -551 
 388.5        -555 
 388.6        -555 
 388.8        -559 
 389.1        -561 
 389.3        -564 
 389.5        -567 
 389.6        -569 
 389.8        -571 
 390          -574 
 390.1        -575 
 390.3        -576 
 390.5        -580 
 390.6        -580 
 390.8        -583 
 391          -585 
 391.2        -587 
 391.3        -588 
 391.5        -591 
 391.6        -592 
 391.8        -594 
 392          -596 
 392.1        -597 
 392.4        -600 
 392.5        -601 
 392.6        -602 
 392.8        -605 
 393          -606 
 393.1        -608 
 393.4        -610 
 393.5        -612 
 393.6        -613 
 393.8        -616 
 394          -628 
 394.1        -628 
 394.3        -628 
 394.6        -628 
 394.8        -628 
 395          -628 
 395.1        -628 
 395.3        -628 
 395.5        -579 
 395.6        -564 
 395.8        -564 
 396          -564 
 396.1        -566 
 396.3        -570 
 396.5        -575 
 396.6        -575 
 396.8        -576 
 397          -580 
 397.1        -582 
 397.3        -585 
 397.5        -587 
 397.6        -589 
 397.8        -591 
 398          -592 
 398.1        -594 
 398.3        -596 
 398.5        -599 
 398.6        -600 
 398.8        -603 
 399.1        -605 
 399.3        -607 
 399.5        -609 
 399.6        -610 
 399.8        -613 
 400          -616 
 400.2        -617 
 400.3        -629 
 400.5        -629 
 400.6        -629 
 400.8        -629 
 401          -629 
 401.1        -629 
 401.3        -629 
 401.5        -629 
 401.6        -629 
 401.8        -565 
 402          -545 
 402.1        -545 
 402.3        -549 
 402.5        -550 
 402.6        -552 
 402.8        -556 
 403          -559 
 403.1        -561 
 403.3        -564 
 403.6        -567 
 403.8        -570 
 404          -574 
 404.1        -575 
 404.3        -577 
 404.5        -580 
 404.7        -582 
 404.8        -583 
 405          -586 
 405.1        -587 
 405.3        -588 
 405.5        -592 
 405.6        -593 
 405.9        -595 
 406          -596 
 406.1        -597 
 406.3        -600 
 406.5        -602 
 406.6        -604 
 406.9        -605 
 407          -606 
 407.1        -608 
 407.3        -612 
 407.5        -614 
 407.6        -614 
 407.8        -617 
 408.1        -630 
 408.3        -630 
 408.5        -630 
 408.6        -630 
 408.8        -630 
 409          -630 
 409.1        -630 
 409.3        -630 
 409.5        -604 
 409.6        -553 
 409.8        -529 
 410          -534 
 410.2        -535 
 410.3        -537 
 410.5        -541 
 410.6        -542 
 410.8        -546 
 411          -549 
 411.1        -550 
 411.4        -554 
 411.5        -555 
 411.6        -557 
 411.8        -559 
 412          -563 
 412.1        -563 
 412.3        -565 
 412.5        -567 
 412.6        -568 
 412.8        -571 
 413          -574 
 413.1        -574 
 413.3        -578 
 413.6        -581 
 413.8        -584 
 414          -586 
 414.1        -587 
 414.3        -590 
 414.5        -591 
 414.7        -593 
 414.8        -594 
 415          -596 
 415.1        -598 
 415.3        -600 
 415.5        -603 
 415.6        -603 
 415.9        -606 
 416          -607 
 416.1        -608 
 416.3        -610 
 416.5        -612 
 416.6        -613 
 416.9        -617 
 417          -629 
 417.1        -629 
 417.3        -629 
 417.5        -629 
 417.6        -629 
 417.8        -629 
 418.1        -629 
 418.3        -629 
 418.5        -627 
 418.6        -559 
 418.8        -559 
 419          -560 
 419.1        -562 
 419.3        -563 
 419.5        -567 
 419.6        -569 
 419.8        -573 
 420          -575 
 420.1        -578 
 420.3        -579 
 420.5        -582 
 420.6        -583 
 420.8        -585 
 421          -588 
 421.1        -589 
 421.3        -592 
 421.5        -593 
 421.6        -594 
 421.8        -597 
 422          -599 
 422.1        -601 
 422.3        -602 
 422.5        -606 
 422.7        -606 
 422.8        -607 
 423          -610 
 423.1        -611 
 423.3        -614 
 423.5        -617 
 423.7        -630 
 423.8        -630 
 424          -630 
 424.1        -630 
 424.3        -630 
 424.5        -630 
 424.6        -630 
 424.9        -630 
 425          -630 
 425.1        -630 
 425.3        -542 
 425.5        -489 
 425.6        -489 
 425.8        -489 
 426.1        -496 
 426.3        -499 
 426.5        -504 
 426.6        -506 
 426.8        -511 
 427.1        -515 
 427.3        -517 
 427.5        -521 
 427.6        -522 
 427.8        -525 
 428          -528 
 428.1        -529 
 428.3        -531 
 428.5        -534 
 428.6        -536 
 428.8        -538 
 429          -541 
 429.1        -542 
 429.3        -544 
 429.5        -546 
 429.6        -547 
 429.8        -550 
 430          -552 
 430.1        -553 
 430.3        -557 
 430.5        -558 
 430.6        -560 
 430.8        -562 
 431          -565 
 431.1        -565 
 431.3        -568 
 431.5        -570 
 431.7        -572 
 431.8        -573 
 432          -575 
 432.1        -576 
 432.3        -578 
 432.5        -581 
 432.6        -582 
 432.9        -585 
 433          -586 
 433.1        -586 
 433.3        -589 
 433.5        -591 
 433.6        -593 
 433.9        -595 
 434          -597 
 434.1        -597 
 434.3        -599 
 434.5        -602 
 434.6        -603 
 434.8        -606 
 435.1        -607 
 435.3        -610 
 435.5        -612 
 435.6        -613 
 435.8        -615 
 436          -617 
 436.1        -618 
 436.3        -629 
 436.5        -629 
 436.6        -629 
 436.8        -629 
 437          -629 
 437.1        -629 
 437.3        -629 
 437.5        -629 
 437.6        -620 
 437.8        -531 
 438          -531 
 438.1        -531 
 438.3        -533 
 438.5        -534 
 438.6        -536 
 438.8        -541 
 439          -544 
 439.1        -546 
 439.3        -548 
 439.5        -552 
 439.7        -554 
 439.8        -554 
 440          -557 
 440.1        -559 
 440.3        -562 
 440.5        -565 
 440.7        -567 
 440.8        -567 
 441          -570 
 441.1        -572 
 441.3        -575 
 441.5        -577 
 441.6        -577 
 441.9        -580 
 442          -581 
 442.1        -582 
 442.3        -585 
 442.5        -587 
 442.6        -589 
 442.8        -590 
 443.1        -594 
 443.3        -595 
 443.5        -598 
 443.6        -599 
 443.8        -603 
 444.1        -606 
 444.3        -607 
 444.5        -610 
 444.6        -611 
 444.8        -613 
 445          -615 
 445.1        -616 
 445.3        -628 
 445.5        -628 
 445.6        -628 
 445.8        -628 
 446          -628 
 446.1        -628 
 446.4        -628 
 446.5        -628 
 446.6        -628 
 446.8        -593 
 447          -536 
 447.1        -536 
 447.3        -538 
 447.5        -540 
 447.6        -543 
 447.8        -546 
 448          -550 
 448.1        -551 
 448.3        -555 
 448.5        -557 
 448.7        -558 
 448.8        -560 
 449          -562 
 449.1        -565 
 449.3        -566 
 449.5        -570 
 449.6        -570 
 449.8        -572 
 450          -575 
 450.1        -576 
 450.3        -578 
 450.5        -582 
 450.6        -584 
 450.9        -586 
 451          -587 
 451.1        -588 
 451.3        -590 
 451.5        -593 
 451.6        -594 
 451.8        -596 
 452          -597 
 452.1        -598 
 452.3        -601 
 452.5        -603 
 452.6        -605 
 452.8        -607 
 453          -609 
 453.2        -610 
 453.3        -613 
 453.5        -615 
 453.6        -616 
 453.8        -629 
 454.1        -629 
 454.3        -629 
 454.5        -629 
 454.6        -629 
 454.8        -629 
 455          -629 
 455.1        -629 
 455.3        -629 
 455.5        -554 
 455.6        -548 
 455.8        -548 
 456          -550 
 456.1        -553 
 456.3        -555 
 456.5        -559 
 456.6        -562 
 456.8        -565 
 457          -568 
 457.1        -569 
 457.3        -572 
 457.5        -573 
 457.6        -575 
 457.8        -577 
 458          -580 
 458.1        -581 
 458.3        -584 
 458.5        -586 
 458.7        -587 
 458.8        -589 
 459          -591 
 459.1        -592 
 459.3        -595 
 459.5        -597 
 459.7        -598 
 459.8        -599 
 460          -603 
 460.1        -604 
 460.3        -606 
 460.5        -609 
 460.6        -610 
 460.9        -612 
 461          -613 
 461.1        -615 
 461.3        -617 
 461.5        -629 
 461.6        -629 
 461.8        -629 
 462          -629 
 462.1        -629 
 462.3        -629 
 462.5        -629 
 462.6        -629 
 462.8        -618 
 463.1        -565 
 463.3        -565 
 463.5        -570 
 463.6        -571 
 463.8        -575 
 464          -577 
 464.1        -580 
 464.3        -580 
 464.5        -583 
 464.6        -585 
 464.8        -587 
 465          -591 
 465.1        -591 
 465.4        -595 
 465.5        -596 
 465.6        -596 
 465.8        -599 
 466          -601 
 466.1        -604 
 466.3        -606 
 466.5        -608 
 466.6        -608 
 466.8        -611 
 467          -613 
 467.1        -614 
 467.3        -617 
 467.6        -628 
 467.8        -628 
 468          -628 
 468.1        -628 
 468.3        -628 
 468.5        -628 
 468.6        -628 
 468.8        -628 
 469          -544 
 469.1        -522 
 469.3        -522 
 469.5        -526 
 469.7        -528 
 469.8        -530 
 470          -534 
 470.1        -535 
 470.3        -540 
 470.5        -542 
 470.6        -544 
 470.9        -547 
 471          -548 
 471.1        -551 
 471.3        -553 
 471.5        -556 
 471.6        -557 
 471.9        -559 
 472          -562 
 472.1        -562 
 472.3        -566 
 472.5        -568 
 472.6        -570 
 472.8        -572 
 473.1        -575 
 473.3        -577 
 473.5        -580 
 473.6        -581 
 473.8        -584 
 474          -586 
 474.1        -587 
 474.3        -589 
 474.5        -590 
 474.6        -592 
 474.8        -594 
 475          -596 
 475.1        -597 
 475.3        -598 
 475.5        -601 
 475.6        -602 
 475.8        -606 
 476          -608 
 476.1        -609 
 476.3        -611 
 476.5        -613 
 476.6        -613 
 476.8        -615 
 477          -629 
 477.1        -629 
 477.3        -629 
 477.6        -629 
 477.8        -629 
 478          -629 
 478.1        -629 
 478.3        -629 
 478.5        -559 
 478.7        -550 
 478.8        -550 
 479          -550 
 479.1        -554 
 479.3        -558 
 479.5        -561 
 479.6        -563 
 479.9        -565 
 480          -567 
 480.1        -569 
 480.3        -571 
 480.5        -575 
 480.6        -576 
 480.8        -578 
 481          -579 
 481.1        -580 
 481.3        -583 
 481.5        -586 
 481.6        -587 
 481.8        -589 
 482.1        -592 
 482.3        -594 
 482.5        -598 
 482.6        -598 
 482.8        -601 
 483          -604 
 483.2        -605 
 483.3        -606 
 483.5        -608 
 483.6        -609 
 483.8        -611 
 484          -614 
 484.1        -615 
 484.4        -617 
 484.5        -630 
 484.6        -630 
 484.8        -630 
 485          -630 
 485.1        -630 
 485.4        -630 
 485.5        -630 
 485.6        -630 
 485.8        -630 
 486          -553 
 486.1        -529 
 486.3        -529 
 486.6        -533 
 486.8        -536 
 487          -541 
 487.1        -542 
 487.3        -545 
 487.5        -548 
 487.6        -549 
 487.8        -551 
 488          -554 
 488.1        -555 
 488.3        -558 
 488.5        -562 
 488.6        -562 
 488.8        -564 
 489          -567 
 489.1        -567 
 489.3        -572 
 489.5        -573 
 489.6        -575 
 489.8        -577 
 490          -578 
 490.1        -580 
 490.3        -582 
 490.5        -585 
 490.6        -586 
 490.8        -588 
 491          -590 
 491.2        -592 
 491.3        -593 
 491.5        -595 
 491.6        -596 
 491.8        -599 
 492          -601 
 492.2        -602 
 492.3        -603 
 492.5        -606 
 492.6        -607 
 492.8        -610 
 493          -612 
 493.1        -614 
 493.4        -615 
 493.5        -617 
 493.6        -629 
 493.8        -629 
 494          -629 
 494.1        -629 
 494.3        -629 
 494.6        -629 
 494.8        -629 
 495          -629 
 495.1        -561 
 495.3        -519 
 495.6        -519 
 495.8        -521 
 496          -528 
 496.1        -529 
 496.3        -534 
 496.5        -536 
 496.6        -539 
 496.8        -540 
 497          -543 
 497.1        -545 
 497.3        -546 
 497.5        -550 
 497.6        -551 
 497.8        -554 
 498          -555 
 498.1        -556 
 498.3        -559 
 498.5        -562 
 498.6        -563 
 498.8        -565 
 499          -567 
 499.1        -568 
 499.3        -572 
 499.5        -574 
 499.6        -575 
 499.8        -577 
 500          -581 
 500.2        -582 
 500.3        -582 
 500.5        -585 
 500.6        -586 
 500.8        -588 
 501          -591 
 501.1        -591 
 501.4        -594 
 501.5        -595 
 501.6        -596 
 501.8        -598 
 502          -601 
 502.2        -603 
 502.3        -604 
 502.5        -606 
 502.6        -607 
 502.8        -610 
 503          -612 
 503.1        -614 
 503.4        -615 
 503.5        -616 
 503.6        -618 
 503.8        -619 
 504          -622 
 504.1        -623 
 504.3        -626 
 504.6        -627 
 504.8        -629 
 505          -629 
 505.1        -629 
 505.3        -594 
 505.6        -594 
 505.8        -597 
 506          -600 
 506.1        -601 
 506.3        -604 
 506.5        -606 
 506.6        -608 
 506.8        -609 
 507          -611 
 507.1        -613 
 507.3        -615 
 507.5        -629 
 507.6        -629 
 507.8        -629 
 508          -629 
 508.1        -629 
 508.3        -629 
 508.5        -629 
 508.6        -629 
 508.8        -629 
 509          -588 
 509.1        -548 
 509.3        -548 
 509.5        -548 
 509.6        -550 
 509.8        -555 
 510          -557 
 510.2        -560 
 510.3        -562 
 510.5        -565 
 510.6        -566 
 510.8        -568 
 511          -572 
 511.1        -573 
 511.4        -576 
 511.5        -576 
 511.6        -578 
 511.8        -581 
 512          -583 
 512.1        -585 
 512.2        -587 
 512.4        -587 
 512.5        -590 
 512.6        -591 
 512.7        -592 
 512.9        -595 
 513          -596 
 513.1        -596 
 513.2        -598 
 513.4        -600 
 513.6        -601 
 513.7        -603 
 513.9        -604 
 514          -606 
 514.1        -607 
 514.2        -608 
 514.4        -611 
 514.5        -612 
 514.6        -613 
 514.8        -614 
 514.9        -616 
 515          -616 
 515.1        -617 
 515.2        -629 
 515.4        -629 
 515.5        -629 
 515.6        -629 
 515.8        -629 
 515.9        -629 
 516          -629 
 516.1        -629 
