 .1           -506 
 .3           -509 
 .4           -509 
 .7           -512 
 .8           -513 
 1            -514 
 1.1          -515 
 1.3          -516 
 1.5          -518 
 1.6          -518 
 1.9          -521 
 2            -521 
 2.1          -521 
 2.2          -523 
 2.4          -523 
 2.5          -525 
 2.6          -525 
 2.7          -525 
 2.9          -527 
 3.1          -527 
 3.2          -528 
 3.4          -529 
 3.5          -530 
 3.6          -531 
 3.7          -531 
 3.9          -533 
 4.1          -534 
 4.2          -534 
 4.4          -536 
 4.6          -537 
 4.7          -537 
 4.9          -539 
 5.1          -541 
 5.3          -541 
 5.4          -541 
 5.6          -541 
 5.7          -540 
 5.9          -493 
 6.1          -493 
 6.2          -493 
 6.4          -494 
 6.6          -497 
 6.7          -497 
 6.9          -500 
 7.1          -502 
 7.2          -504 
 7.5          -505 
 7.7          -507 
 7.9          -508 
 8.1          -510 
 8.3          -512 
 8.5          -513 
 8.7          -514 
 8.8          -515 
 9            -515 
 9.2          -517 
 9.3          -517 
 9.5          -519 
 9.8          -521 
 10           -522 
 10.2         -523 
 10.3         -524 
 10.5         -525 
 10.7         -527 
 10.9         -527 
 11.1         -529 
 11.3         -531 
 11.5         -532 
 11.7         -534 
 11.8         -534 
 12           -535 
 12.2         -541 
 12.3         -541 
 12.5         -541 
 12.7         -541 
 12.8         -541 
 13           -541 
 13.2         -541 
 13.3         -541 
 13.5         -541 
 13.7         -520 
 13.8         -450 
 14           -450 
 14.2         -450 
 14.3         -452 
 14.5         -454 
 14.7         -457 
 14.8         -459 
 15           -461 
 15.2         -463 
 15.4         -464 
 15.6         -465 
 15.8         -467 
 16           -469 
 16.1         -470 
 16.3         -472 
 16.6         -473 
 16.8         -474 
 17           -477 
 17.1         -477 
 17.3         -480 
 17.6         -482 
 17.8         -483 
 18           -484 
 18.1         -485 
 18.3         -487 
 18.5         -488 
 18.6         -489 
 18.8         -490 
 19           -491 
 19.1         -492 
 19.3         -493 
 19.5         -495 
 19.6         -495 
 19.8         -496 
 20           -497 
 20.1         -497 
 20.3         -500 
 20.5         -500 
 20.6         -502 
 20.8         -504 
 21           -504 
 21.1         -505 
 21.3         -506 
 21.5         -508 
 21.6         -508 
 21.8         -510 
 22           -510 
 22.2         -512 
 22.3         -512 
 22.5         -513 
 22.6         -514 
 22.8         -515 
 23           -516 
 23.1         -517 
 23.4         -518 
 23.5         -519 
 23.6         -519 
 23.8         -521 
 24           -521 
 24.1         -523 
 24.4         -524 
 24.5         -525 
 24.6         -525 
 24.8         -527 
 25           -528 
 25.1         -529 
 25.3         -530 
 25.6         -531 
 25.8         -533 
 26           -533 
 26.1         -534 
 26.3         -534 
 26.5         -536 
 26.6         -536 
 26.8         -542 
 27           -542 
 27.1         -542 
 27.3         -542 
 27.5         -542 
 27.6         -542 
 27.8         -542 
 28           -518 
 28.1         -501 
 28.3         -470 
 28.5         -470 
 28.6         -470 
 28.8         -473 
 29           -474 
 29.1         -475 
 29.3         -477 
 29.5         -480 
 29.6         -480 
 29.8         -482 
 30           -484 
 30.2         -485 
 30.3         -485 
 30.5         -487 
 30.6         -487 
 30.8         -490 
 31           -492 
 31.2         -493 
 31.3         -493 
 31.5         -495 
 31.6         -495 
 31.8         -497 
 32           -499 
 32.1         -499 
 32.2         -500 
 32.4         -501 
 32.5         -501 
 32.6         -502 
 32.7         -503 
 32.9         -504 
 33           -505 
 33.1         -505 
 33.2         -506 
 33.4         -507 
 33.6         -508 
 33.7         -509 
 33.9         -510 
 34           -511 
 34.1         -512 
 34.2         -513 
 34.4         -514 
 34.6         -515 
 34.7         -516 
 34.9         -517 
 35           -518 
 35.1         -518 
 35.2         -518 
 35.4         -520 
 35.5         -521 
 35.6         -522 
 35.8         -522 
 35.9         -523 
 36           -524 
 36.1         -524 
 36.2         -524 
 36.4         -525 
 36.5         -526 
 36.6         -527 
 36.7         -527 
 37           -529 
 37.1         -529 
 37.2         -530 
 37.4         -531 
 37.5         -532 
 37.6         -533 
 37.7         -534 
 38           -535 
 38.1         -535 
 38.2         -536 
 38.4         -537 
 38.5         -538 
 38.6         -539 
 38.7         -539 
 38.9         -541 
 39           -541 
 39.2         -542 
 39.4         -542 
 39.5         -542 
 39.6         -503 
 39.7         -490 
 39.9         -490 
 40           -490 
 40.1         -491 
 40.2         -493 
 40.4         -493 
 40.5         -494 
 40.6         -496 
 40.7         -496 
 40.9         -499 
 41           -500 
 41.1         -502 
 41.2         -502 
 41.4         -502 
 41.5         -504 
 41.6         -504 
 41.7         -504 
 41.9         -506 
 42           -507 
 42.1         -508 
 42.2         -509 
 42.4         -510 
 42.6         -511 
 42.7         -511 
 42.9         -513 
 43           -513 
 43.1         -514 
 43.2         -515 
 43.4         -516 
 43.5         -517 
 43.6         -517 
 43.8         -518 
 43.9         -519 
 44           -519 
 44.1         -520 
 44.2         -521 
 44.4         -523 
 44.5         -524 
 44.6         -524 
 44.8         -525 
 44.9         -525 
 45           -526 
 45.1         -527 
 45.2         -527 
 45.4         -529 
 45.5         -529 
 45.6         -529 
 45.7         -531 
 46           -531 
 46.1         -532 
 46.2         -533 
 46.4         -534 
 46.5         -535 
 46.6         -535 
 46.7         -536 
 46.9         -537 
 47.1         -538 
 47.2         -539 
 47.4         -540 
 47.5         -541 
 47.6         -541 
 47.7         -542 
 47.9         -542 
 48           -504 
 48.2         -491 
 48.4         -491 
 48.5         -491 
 48.6         -492 
 48.7         -493 
 48.9         -495 
 49           -496 
 49.1         -497 
 49.3         -498 
 49.4         -499 
 49.5         -500 
 49.6         -501 
 49.7         -502 
 49.9         -503 
 50           -504 
 50.1         -505 
 50.2         -505 
 50.5         -507 
 50.6         -508 
 50.7         -508 
 50.9         -510 
 51           -511 
 51.1         -512 
 51.2         -513 
 51.5         -514 
 51.6         -515 
 51.7         -516 
 51.9         -517 
 52           -518 
 52.1         -518 
 52.2         -519 
 52.4         -521 
 52.5         -521 
 52.7         -523 
 52.9         -523 
 53           -524 
 53.1         -524 
 53.2         -525 
 53.4         -526 
 53.5         -527 
 53.6         -528 
 53.7         -529 
 53.9         -529 
 54           -530 
 54.1         -531 
 54.2         -531 
 54.4         -533 
 54.5         -533 
 54.6         -534 
 54.7         -534 
 54.9         -535 
 55           -536 
 55.1         -536 
 55.2         -537 
 55.4         -538 
 55.5         -539 
 55.6         -540 
 55.7         -540 
 55.9         -541 
 56.1         -541 
 56.2         -541 
 56.4         -505 
 56.5         -491 
 56.6         -491 
 56.7         -491 
 56.9         -493 
 57           -494 
 57.1         -494 
 57.3         -505 
 57.4         -505 
 57.5         -505 
 57.6         -505 
 57.7         -505 
 57.9         -505 
 58           -505 
 58.1         -505 
 58.3         -505 
 58.4         -505 
 58.5         -505 
 58.6         -505 
 58.7         -505 
 58.9          36 
 59            36 
 59.1          36 
 59.2          36 
 59.5         -512 
 59.6         -513 
 59.7         -514 
 59.9         -515 
 60           -516 
 60.1         -516 
 60.2         -518 
 60.4         -519 
 60.5         -520 
 60.7         -520 
 60.9         -522 
 61           -522 
 61.1         -523 
 61.2         -524 
 61.4         -525 
 61.5         -526 
 61.7         -526 
 61.9         -528 
 62           -528 
 62.1         -529 
 62.2         -530 
 62.4         -531 
 62.5         -532 
 62.6         -532 
 62.7         -533 
 62.9         -534 
 63           -534 
 63.1         -535 
 63.2         -536 
 63.4         -536 
 63.5         -538 
 63.6         -538 
 63.7         -538 
 64           -540 
 64.2         -541 
 64.4         -541 
 64.6         -489 
 64.7         -489 
 64.9         -489 
 65.1         -491 
 65.2         -492 
 65.4         -494 
 65.6         -495 
 65.7         -496 
 65.9         -498 
 66.1         -500 
 66.3         -501 
 66.4         -502 
 66.6         -504 
 66.7         -504 
 66.9         -505 
 67.1         -508 
 67.2         -508 
 67.4         -509 
 67.6         -510 
 67.7         -511 
 67.9         -513 
 68.1         -514 
 68.2         -515 
 68.5         -516 
 68.7         -518 
 68.9         -519 
 69.1         -521 
 69.2         -521 
 69.4         -523 
 69.7         -524 
 69.9         -524 
 70.1         -527 
 70.2         -527 
 70.4         -529 
 70.6         -529 
 70.8         -530 
 70.9         -531 
 71.1         -533 
 71.2         -533 
 71.4         -534 
 71.6         -536 
 71.7         -536 
 71.9         -536 
 72.1         -538 
 72.2         -538 
 72.4         -540 
 72.6         -541 
 72.7         -541 
 72.9         -541 
 73.1         -534 
 73.2         -491 
 73.4         -491 
 73.6         -493 
 73.7         -494 
 73.9         -496 
 74.1         -498 
 74.2         -498 
 74.4         -501 
 74.6         -501 
 74.7         -503 
 74.9         -505 
 75.1         -506 
 75.3         -507 
 75.4         -508 
 75.6         -510 
 75.7         -510 
 75.9         -512 
 76.1         -513 
 76.2         -514 
 76.5         -514 
 76.7         -516 
 76.9         -517 
 77.1         -519 
 77.2         -520 
 77.5         -521 
 77.7         -523 
 77.9         -524 
 78.1         -526 
 78.2         -527 
 78.4         -527 
 78.7         -529 
 78.9         -531 
 79.1         -531 
 79.2         -532 
 79.4         -533 
 79.6         -534 
 79.7         -535 
 79.9         -536 
 80.1         -537 
 80.2         -538 
 80.4         -539 
 80.6         -541 
 80.7         -541 
 80.9         -541 
 81.1         -541 
 81.2         -541 
 81.4         -491 
 81.6         -491 
 81.7         -493 
 81.9         -495 
 82.1         -496 
 82.2         -497 
 82.4         -499 
 82.6         -501 
 82.7         -501 
 82.9         -503 
 83.1         -505 
 83.3         -505 
 83.4         -506 
 83.6         -508 
 83.7         -508 
 83.9         -510 
 84.1         -512 
 84.3         -513 
 84.4         -513 
 84.6         -514 
 84.7         -514 
 84.9         -517 
 85.1         -519 
 85.2         -519 
 85.5         -521 
 85.7         -522 
 85.9         -523 
 86.1         -524 
 86.2         -525 
 86.4         -527 
 86.6         -527 
 86.7         -528 
 86.9         -529 
 87.1         -531 
 87.2         -531 
 87.4         -533 
 87.7         -533 
 87.9         -535 
 88.1         -536 
 88.2         -537 
 88.4         -539 
 88.6         -540 
 88.7         -541 
 88.9         -541 
 89.1         -541 
 89.2         -541 
 89.4         -517 
 89.6         -491 
 89.7         -491 
 90           -492 
 90.2         -494 
 90.4         -496 
 90.6         -498 
 90.7         -499 
 90.9         -501 
 91.1         -502 
 91.2         -503 
 91.4         -504 
 91.6         -507 
 91.7         -508 
 91.9         -508 
 92.2         -510 
 92.4         -512 
 92.6         -513 
 92.7         -514 
 92.9         -515 
 93.1         -516 
 93.2         -517 
 93.4         -518 
 93.6         -520 
 93.7         -521 
 93.9         -521 
 94.1         -523 
 94.2         -523 
 94.4         -524 
 94.6         -525 
 94.7         -526 
 94.9         -528 
 95.1         -529 
 95.2         -530 
 95.4         -531 
 95.6         -532 
 95.7         -533 
 95.9         -534 
 96.1         -535 
 96.2         -535 
 96.4         -537 
 96.6         -539 
 96.8         -539 
 96.9         -539 
 97.1         -541 
 97.2         -541 
 97.4         -541 
 97.7         -529 
 97.9         -493 
 98.1         -493 
 98.2         -496 
 98.4         -497 
 98.6         -500 
 98.7         -500 
 98.9         -501 
 99.1         -503 
 99.2         -504 
 99.4         -505 
 99.6         -507 
 99.7         -508 
 100          -510 
 100.2        -511 
 100.4        -512 
 100.6        -514 
 100.7        -514 
 100.9        -516 
 101.1        -517 
 101.2        -518 
 101.4        -519 
 101.6        -521 
 101.7        -521 
 101.9        -523 
 102.2        -524 
 102.4        -525 
 102.6        -527 
 102.7        -527 
 102.9        -529 
 103.1        -530 
 103.2        -531 
 103.4        -531 
 103.6        -533 
 103.7        -533 
 103.9        -535 
 104.1        -537 
 104.3        -537 
 104.4        -538 
 104.6        -539 
 104.7        -539 
 104.9        -541 
 105.1        -541 
 105.2        -541 
 105.5        -539 
 105.7        -492 
 105.9        -501 
 106.1        -501 
 106.2        -501 
 106.4        -501 
 106.7        -501 
 106.9        -501 
 107.1        -501 
 107.2         36 
 107.4         36 
 107.7        -507 
 107.9        -509 
 108.1        -511 
 108.2        -511 
 108.4        -513 
 108.6        -514 
 108.7        -515 
 108.9        -515 
 109.1        -517 
 109.2        -518 
 109.4        -520 
 109.6        -520 
 109.7        -521 
 110          -522 
 110.2        -524 
 110.4        -525 
 110.6        -527 
 110.7        -528 
 110.9        -530 
 111.1        -530 
 111.2        -530 
 111.4        -532 
 111.6        -533 
 111.7        -534 
 111.9        -534 
 112.2        -536 
 112.4        -538 
 112.6        -539 
 112.7        -540 
 112.9        -541 
 113.1        -495 
 113.2        -495 
 113.4        -495 
 113.6        -495 
 113.7        -495 
 113.9        -495 
 114.1        -495 
 114.2        -495 
 114.5         28 
 114.7         36 
 114.9         36 
 115.1        -504 
 115.2        -505 
 115.4        -506 
 115.6        -507 
 115.7        -508 
 115.9        -509 
 116.1        -511 
 116.2        -511 
 116.4        -513 
 116.6        -514 
 116.8        -515 
 116.9        -516 
 117.1        -517 
 117.2        -518 
 117.4        -520 
 117.6        -522 
 117.8        -522 
 117.9        -524 
 118.1        -524 
 118.2        -524 
 118.4        -526 
 118.6        -528 
 118.7        -528 
 119          -530 
 119.2        -531 
 119.4        -532 
 119.6        -534 
 119.7        -534 
 119.9        -536 
 120.2        -536 
 120.4        -538 
 120.6        -539 
 120.7        -540 
 120.9        -542 
 121.2        -542 
 121.4        -542 
 121.6        -494 
 121.7        -493 
 121.9        -493 
 122.1        -495 
 122.2        -496 
 122.4        -496 
 122.6        -499 
 122.7        -500 
 122.9        -502 
 123.1        -503 
 123.2        -504 
 123.4        -506 
 123.6        -507 
 123.7        -507 
 123.9        -509 
 124.1        -512 
 124.2        -512 
 124.4        -514 
 124.6        -514 
 124.7        -514 
 124.9        -516 
 125.1        -517 
 125.2        -518 
 125.4        -520 
 125.6        -521 
 125.8        -522 
 125.9        -523 
 126.1        -524 
 126.2        -524 
 126.4        -526 
 126.6        -527 
 126.7        -527 
 126.9        -529 
 127.2        -531 
 127.4        -531 
 127.6        -533 
 127.7        -534 
 128          -535 
 128.2        -536 
 128.3        -537 
 128.5        -538 
 128.7        -540 
 128.8        -540 
 129          -542 
 129.2        -542 
 129.3        -542 
 129.5        -514 
 129.7        -509 
 129.8        -509 
 130          -510 
 130.3        -512 
 130.5        -514 
 130.7        -515 
 130.8        -516 
 131          -519 
 131.2        -519 
 131.4        -521 
 131.6        -522 
 131.8        -524 
 132          -525 
 132.2        -526 
 132.3        -527 
 132.6        -528 
 132.8        -530 
 133          -532 
 133.2        -532 
 133.3        -534 
 133.5        -534 
 133.7        -534 
 133.8        -536 
 134          -543 
 134.2        -543 
 134.3        -543 
 134.5        -543 
 134.8        -543 
 135          -543 
 135.2        -543 
 135.3        -487 
 135.5        -466 
 135.7        -466 
 135.8        -467 
 136          -468 
 136.2        -471 
 136.3        -473 
 136.5        -475 
 136.7        -477 
 136.8        -478 
 137.1        -480 
 137.3        -482 
 137.5        -483 
 137.7        -485 
 137.8        -486 
 138          -488 
 138.2        -489 
 138.3        -490 
 138.5        -491 
 138.7        -493 
 138.8        -493 
 139          -495 
 139.2        -497 
 139.4        -497 
 139.6        -499 
 139.8        -500 
 140          -502 
 140.2        -503 
 140.4        -504 
 140.6        -505 
 140.8        -506 
 141          -509 
 141.2        -510 
 141.3        -510 
 141.6        -512 
 141.8        -514 
 142          -514 
 142.2        -516 
 142.3        -516 
 142.5        -518 
 142.8        -519 
 143          -521 
 143.2        -522 
 143.3        -523 
 143.5        -524 
 143.8        -525 
 144          -526 
 144.2        -528 
 144.3        -528 
 144.5        -530 
 144.7        -531 
 144.8        -532 
 145          -532 
 145.2        -534 
 145.3        -534 
 145.5        -536 
 145.7        -537 
 145.8        -538 
 146          -539 
 146.2        -540 
 146.3        -540 
 146.5        -542 
 146.7        -542 
 146.8        -542 
 147          -542 
 147.2        -530 
 147.3        -506 
 147.5        -506 
 147.7        -509 
 147.8        -509 
 148          -512 
 148.2        -512 
 148.4        -514 
 148.6        -515 
 148.8        -517 
 149          -518 
 149.2        -520 
 149.3        -520 
 149.6        -522 
 149.8        -524 
 150          -525 
 150.2        -526 
 150.3        -527 
 150.5        -528 
 150.7        -530 
 150.8        -530 
 151          -531 
 151.2        -533 
 151.3        -533 
 151.6        -534 
 151.8        -536 
 152          -537 
 152.2        -539 
 152.3        -540 
 152.5        -540 
 152.8        -542 
 153          -542 
 153.2        -492 
 153.3        -492 
 153.5        -492 
 153.8        -494 
 154          -497 
 154.2        -499 
 154.3        -500 
 154.5        -502 
 154.7        -504 
 154.8        -504 
 155          -505 
 155.2        -506 
 155.3        -508 
 155.5        -509 
 155.7        -511 
 155.8        -511 
 156          -513 
 156.2        -514 
 156.3        -514 
 156.5        -515 
 156.7        -517 
 156.8        -517 
 157          -519 
 157.2        -520 
 157.3        -522 
 157.5        -522 
 157.7        -524 
 157.8        -524 
 158          -526 
 158.2        -527 
 158.4        -528 
 158.6        -529 
 158.8        -530 
 159          -532 
 159.2        -534 
 159.3        -534 
 159.6        -536 
 159.8        -536 
 160          -538 
 160.2        -539 
 160.3        -540 
 160.6        -541 
 160.8        -542 
 161          -542 
 161.2        -494 
 161.3        -494 
 161.5        -494 
 161.8        -494 
 162          -497 
 162.2        -499 
 162.3        -501 
 162.5        -502 
 162.7        -504 
 162.9        -505 
 163.1        -506 
 163.3        -508 
 163.5        -510 
 163.7        -510 
 163.8        -512 
 164          -513 
 164.2        -514 
 164.3        -515 
 164.5        -516 
 164.7        -518 
 164.8        -519 
 165          -520 
 165.2        -521 
 165.3        -521 
 165.5        -523 
 165.7        -524 
 165.8        -525 
 166          -525 
 166.3        -527 
 166.5        -529 
 166.7        -530 
 166.8        -531 
 167          -532 
 167.2        -534 
 167.4        -534 
 167.6        -535 
 167.8        -537 
 168          -539 
 168.2        -539 
 168.3        -540 
 168.5        -541 
 168.7        -542 
 168.8        -542 
 169          -542 
 169.2        -493 
 169.3        -493 
 169.5        -493 
 169.7        -494 
 169.8        -495 
 170          -497 
 170.2        -499 
 170.3        -502 
 170.6        -502 
 170.8        -504 
 171          -505 
 171.2        -507 
 171.3        -508 
 171.5        -510 
 171.8        -512 
 172          -513 
 172.2        -514 
 172.3        -515 
 172.5        -516 
 172.7        -518 
 172.9        -518 
 173.1        -520 
 173.3        -521 
 173.5        -523 
 173.7        -524 
 173.8        -525 
 174          -526 
 174.2        -527 
 174.3        -528 
 174.5        -529 
 174.7        -531 
 174.8        -531 
 175          -533 
 175.2        -533 
 175.3        -534 
 175.5        -535 
 175.7        -542 
 175.8        -542 
 176          -542 
 176.3        -542 
 176.5        -542 
 176.7        -542 
 176.8        -542 
 177          -485 
 177.2        -466 
 177.4        -466 
 177.6        -467 
 177.8        -470 
 178          -473 
 178.2        -475 
 178.3        -476 
 178.5        -477 
 178.7        -479 
 178.8        -480 
 179          -483 
 179.2        -483 
 179.3        -485 
 179.5        -486 
 179.7        -487 
 179.8        -488 
 180          -489 
 180.2        -491 
 180.3        -493 
 180.5        -494 
 180.7        -494 
 180.8        -495 
 181          -497 
 181.2        -499 
 181.3        -499 
 181.5        -501 
 181.7        -502 
 181.9        -503 
 182.1        -504 
 182.3        -506 
 182.5        -507 
 182.7        -508 
 182.8        -509 
 183.1        -510 
 183.3        -512 
 183.5        -513 
 183.7        -514 
 183.8        -516 
 184.1        -517 
 184.3        -518 
 184.5        -520 
 184.7        -521 
 184.8        -522 
 185          -523 
 185.3        -524 
 185.5        -526 
 185.7        -526 
 185.8        -528 
 186          -528 
 186.2        -530 
 186.3        -530 
 186.5        -531 
 186.7        -532 
 186.8        -533 
 187          -535 
 187.2        -535 
 187.3        -542 
 187.5        -542 
 187.7        -542 
 187.8        -542 
 188          -542 
 188.2        -542 
 188.3        -542 
 188.5        -542 
 188.7        -542 
 188.8        -526 
 189          -473 
 189.2        -473 
 189.3        -473 
 189.5        -475 
 189.7        -478 
 189.9        -479 
 190.1        -481 
 190.3        -482 
 190.5        -485 
 190.7        -487 
 190.9        -488 
 191.1        -490 
 191.3        -491 
 191.5        -493 
 191.7        -495 
 191.8        -495 
 192.1        -497 
 192.3        -498 
 192.5        -500 
 192.7        -501 
 192.8        -502 
 193          -503 
 193.2        -504 
 193.3        -504 
 193.5        -506 
 193.7        -508 
 193.8        -508 
 194          -511 
 194.3        -512 
 194.5        -513 
 194.7        -514 
 194.8        -515 
 195          -516 
 195.2        -517 
 195.3        -518 
 195.5        -519 
 195.7        -521 
 195.8        -521 
 196          -523 
 196.2        -524 
 196.3        -525 
 196.6        -525 
 196.8        -527 
 197          -528 
 197.2        -530 
 197.3        -531 
 197.5        -532 
 197.7        -533 
 197.8        -533 
 198          -534 
 198.2        -541 
 198.3        -541 
 198.5        -541 
 198.7        -541 
 198.9        -541 
 199.1        -541 
 199.3        -541 
 199.5        -541 
 199.7        -473 
 199.9        -460 
 200.1        -460 
 200.3        -462 
 200.5        -465 
 200.7        -467 
 200.9        -469 
 201.1        -470 
 201.3        -473 
 201.5        -474 
 201.7        -476 
 201.8        -477 
 202.1        -479 
 202.3        -481 
 202.5        -483 
 202.7        -484 
 202.8        -485 
 203.1        -486 
 203.3        -488 
 203.5        -491 
 203.7        -491 
 203.8        -492 
 204          -493 
 204.3        -495 
 204.5        -497 
 204.7        -498 
 204.8        -499 
 205          -500 
 205.2        -502 
 205.3        -502 
 205.5        -503 
 205.7        -504 
 205.8        -504 
 206          -506 
 206.2        -508 
 206.3        -508 
 206.5        -509 
 206.7        -511 
 206.8        -512 
 207          -513 
 207.2        -514 
 207.3        -514 
 207.5        -516 
 207.7        -516 
 207.8        -518 
 208          -518 
 208.2        -520 
 208.3        -520 
 208.5        -522 
 208.7        -523 
 208.9        -524 
 209.1        -525 
 209.3        -526 
 209.5        -528 
 209.7        -528 
 209.9        -530 
 210.1        -532 
 210.3        -532 
 210.5        -534 
 210.7        -535 
 210.8        -535 
 211.1        -537 
 211.3        -538 
 211.5        -539 
 211.7        -541 
 211.8        -541 
 212          -541 
 212.3        -541 
 212.5        -492 
 212.7        -492 
 212.8        -492 
 213          -493 
 213.3        -495 
 213.5        -497 
 213.7        -500 
 213.8        -500 
 214          -503 
 214.2        -503 
 214.3        -505 
 214.5        -505 
 214.7        -507 
 214.8        -508 
 215          -509 
 215.2        -510 
 215.3        -512 
 215.5        -513 
 215.7        -514 
 215.8        -514 
 216          -516 
 216.2        -516 
 216.3        -518 
 216.5        -519 
 216.7        -519 
 216.8        -521 
 217          -522 
 217.2        -524 
 217.3        -524 
 217.5        -525 
 217.7        -527 
 217.9        -527 
 218.1        -529 
 218.3        -531 
 218.5        -531 
 218.7        -533 
 218.8        -533 
 219.1        -535 
 219.3        -541 
 219.5        -541 
 219.7        -541 
 219.8        -541 
 220.1        -541 
 220.3        -541 
 220.5        -537 
 220.7        -471 
 220.8        -465 
 221          -465 
 221.3        -467 
 221.5        -470 
 221.7        -473 
 221.8        -473 
 222          -476 
 222.2        -478 
 222.3        -479 
 222.5        -480 
 222.7        -482 
 222.8        -482 
 223          -484 
 223.2        -485 
 223.3        -487 
 223.5        -487 
 223.7        -490 
 223.8        -491 
 224          -492 
 224.2        -494 
 224.3        -494 
 224.5        -496 
 224.7        -496 
 224.8        -498 
 225          -499 
 225.2        -501 
 225.3        -501 
 225.5        -503 
 225.7        -504 
 225.9        -504 
 226.1        -506 
 226.3        -507 
 226.5        -509 
 226.7        -510 
 226.9        -511 
 227.1        -514 
 227.3        -514 
 227.5        -516 
 227.7        -517 
 227.8        -518 
 228.1        -519 
 228.3        -520 
 228.5        -522 
 228.7        -523 
 228.8        -524 
 229          -525 
 229.2        -526 
 229.3        -526 
 229.5        -528 
 229.7        -528 
 229.8        -530 
 230          -530 
 230.3        -532 
 230.5        -534 
 230.7        -535 
 230.8        -536 
 231          -537 
 231.2        -538 
 231.4        -539 
 231.6        -540 
 231.8        -542 
 232          -542 
 232.2        -542 
 232.3        -537 
 232.6        -503 
 232.8        -503 
 233          -504 
 233.2        -507 
 233.3        -509 
 233.5        -509 
 233.7        -512 
 233.8        -512 
 234          -514 
 234.2        -514 
 234.3        -515 
 234.5        -517 
 234.7        -518 
 234.8        -519 
 235          -520 
 235.2        -521 
 235.3        -522 
 235.5        -523 
 235.7        -524 
 235.8        -525 
 236          -527 
 236.2        -527 
 236.3        -529 
 236.5        -530 
 236.7        -531 
 236.8        -531 
 237          -533 
 237.2        -535 
 237.3        -535 
 237.5        -541 
 237.7        -541 
 237.9        -541 
 238.1        -541 
 238.3        -541 
 238.5        -541 
 238.7        -541 
 238.8        -541 
 239          -505 
 239.2        -466 
 239.3        -466 
 239.5        -468 
 239.7        -470 
 239.9        -472 
 240.1        -473 
 240.3        -476 
 240.5        -477 
 240.7        -480 
 240.8        -481 
 241.1        -483 
 241.3        -484 
 241.5        -486 
 241.7        -488 
 241.8        -489 
 242.1        -490 
 242.3        -493 
 242.5        -494 
 242.7        -495 
 242.8        -495 
 243          -497 
 243.3        -499 
 243.5        -500 
 243.7        -502 
 243.8        -503 
 244          -504 
 244.2        -506 
 244.3        -506 
 244.5        -506 
 244.7        -508 
 244.8        -508 
 245          -510 
 245.2        -512 
 245.3        -512 
 245.5        -514 
 245.7        -515 
 245.8        -516 
 246          -517 
 246.2        -518 
 246.3        -518 
 246.5        -520 
 246.7        -520 
 246.8        -522 
 247          -523 
 247.2        -524 
 247.3        -524 
 247.5        -526 
 247.7        -527 
 247.9        -528 
 248.1        -529 
 248.3        -530 
 248.5        -532 
 248.7        -533 
 248.9        -534 
 249.1        -536 
 249.3        -536 
 249.5        -538 
 249.7        -539 
 249.8        -540 
 250.1        -541 
 250.3        -542 
 250.5        -542 
 250.7        -528 
 250.8        -498 
 251          -492 
 251.3        -492 
 251.5        -495 
 251.7        -496 
 251.8        -497 
 252          -499 
 252.3        -502 
 252.5        -504 
 252.7        -505 
 252.8        -506 
 253          -508 
 253.2        -509 
 253.3        -510 
 253.5        -511 
 253.7        -512 
 253.8        -513 
 254          -514 
 254.2        -515 
 254.3        -516 
 254.5        -518 
 254.7        -518 
 254.8        -519 
 255          -521 
 255.2        -522 
 255.3        -523 
 255.5        -524 
 255.7        -525 
 255.8        -526 
 256          -528 
 256.1        -528 
 256.3        -529 
 256.5        -530 
 256.6        -531 
 256.9        -532 
 257          -533 
 257.1        -534 
 257.3        -535 
 257.5        -536 
 257.6        -537 
 257.8        -538 
 258.1        -540 
 258.3        -540 
 258.5        -542 
 258.6        -542 
 258.8        -542 
 259.1        -493 
 259.3        -493 
 259.5        -494 
 259.6        -496 
 259.8        -497 
 260          -500 
 260.1        -500 
 260.3        -502 
 260.5        -503 
 260.6        -504 
 260.8        -505 
 261          -507 
 261.1        -508 
 261.3        -510 
 261.5        -510 
 261.6        -511 
 261.8        -512 
 262          -514 
 262.1        -514 
 262.3        -516 
 262.5        -517 
 262.6        -518 
 262.8        -519 
 263          -521 
 263.1        -521 
 263.3        -523 
 263.5        -524 
 263.7        -525 
 263.8        -526 
 264          -527 
 264.1        -527 
 264.3        -529 
 264.5        -531 
 264.6        -531 
 264.8        -531 
 265          -533 
 265.1        -534 
 265.3        -535 
 265.5        -536 
 265.6        -537 
 265.9        -539 
 266          -539 
 266.1        -540 
 266.3        -541 
 266.5        -541 
 266.6        -541 
 266.8        -506 
 267.1        -492 
 267.3        -492 
 267.5        -494 
 267.6        -495 
 267.8        -497 
 268          -499 
 268.2        -500 
 268.3        -501 
 268.5        -503 
 268.6        -504 
 268.8        -505 
 269          -507 
 269.1        -508 
 269.3        -509 
 269.5        -510 
 269.6        -511 
 269.8        -513 
 270          -514 
 270.1        -515 
 270.4        -516 
 270.5        -517 
 270.6        -517 
 270.8        -519 
 271          -520 
 271.1        -522 
 271.3        -522 
 271.6        -524 
 271.8        -525 
 272          -526 
 272.1        -527 
 272.3        -528 
 272.6        -530 
 272.8        -532 
 273          -534 
 273.1        -534 
 273.3        -534 
 273.5        -536 
 273.6        -536 
 273.8        -537 
 274          -538 
 274.1        -540 
 274.3        -541 
 274.5        -542 
 274.6        -542 
 274.8        -542 
 275          -526 
 275.1        -497 
 275.3        -493 
 275.5        -493 
 275.6        -493 
 275.8        -497 
 276          -498 
 276.1        -500 
 276.3        -501 
 276.5        -503 
 276.6        -504 
 276.8        -505 
 277          -507 
 277.2        -507 
 277.3        -509 
 277.5        -510 
 277.6        -510 
 277.8        -512 
 278          -514 
 278.1        -514 
 278.4        -516 
 278.5        -516 
 278.6        -517 
 278.8        -518 
 279          -520 
 279.1        -521 
 279.4        -523 
 279.5        -523 
 279.6        -524 
 279.8        -525 
 280          -527 
 280.1        -527 
 280.3        -529 
 280.6        -530 
 280.8        -531 
 281          -533 
 281.1        -533 
 281.3        -535 
 281.5        -536 
 281.6        -537 
 281.8        -537 
 282          -539 
 282.1        -539 
 282.3        -541 
 282.5        -541 
 282.7        -541 
 282.8        -541 
 283          -508 
 283.1        -495 
 283.3        -495 
 283.5        -497 
 283.6        -498 
 283.8        -498 
 284          -501 
 284.1        -501 
 284.3        -504 
 284.5        -504 
 284.6        -506 
 284.9        -507 
 285          -508 
 285.1        -509 
 285.3        -511 
 285.5        -513 
 285.6        -513 
 285.8        -515 
 286          -515 
 286.1        -516 
 286.3        -518 
 286.5        -520 
 286.6        -520 
 286.8        -521 
 287          -523 
 287.2        -524 
 287.3        -524 
 287.5        -525 
 287.6        -526 
 287.8        -527 
 288          -528 
 288.2        -530 
 288.3        -530 
 288.5        -531 
 288.6        -532 
 288.8        -534 
 289          -534 
 289.1        -535 
 289.4        -536 
 289.5        -537 
 289.6        -538 
 289.8        -540 
 290          -541 
 290.1        -541 
 290.3        -541 
 290.6        -512 
 290.8        -492 
 291          -492 
 291.1        -493 
 291.3        -495 
 291.5        -496 
 291.6        -498 
 291.8        -501 
 292          -502 
 292.1        -503 
 292.3        -505 
 292.5        -506 
 292.7        -506 
 292.8        -508 
 293          -509 
 293.1        -510 
 293.3        -511 
 293.5        -513 
 293.6        -514 
 293.8        -514 
 294          -516 
 294.1        -517 
 294.3        -518 
 294.5        -519 
 294.6        -519 
 294.9        -522 
 295          -523 
 295.1        -524 
 295.3        -524 
 295.5        -526 
 295.6        -526 
 295.8        -528 
 296          -529 
 296.1        -530 
 296.3        -531 
 296.5        -532 
 296.6        -533 
 296.8        -534 
 297          -536 
 297.2        -536 
 297.3        -536 
 297.5        -538 
 297.6        -538 
 297.8        -540 
 298          -541 
 298.2        -542 
 298.3        -542 
 298.5        -541 
 298.6        -517 
 298.8        -493 
 299          -493 
 299.1        -493 
 299.4        -497 
 299.5        -497 
 299.6        -498 
 299.8        -500 
 300          -502 
 300.1        -503 
 300.3        -505 
 300.6        -506 
 300.8        -508 
 301          -510 
 301.1        -510 
 301.3        -512 
 301.6        -513 
 301.8        -515 
 302          -517 
 302.1        -517 
 302.3        -519 
 302.5        -520 
 302.6        -521 
 302.8        -521 
 303          -523 
 303.1        -523 
 303.3        -525 
 303.5        -527 
 303.7        -527 
 303.8        -528 
 304          -529 
 304.1        -530 
 304.3        -531 
 304.5        -532 
 304.6        -533 
 304.8        -534 
 305          -535 
 305.1        -536 
 305.3        -537 
 305.5        -539 
 305.7        -539 
 305.8        -539 
 306          -541 
 306.1        -541 
 306.3        -541 
 306.5        -541 
 306.7        -492 
 306.8        -492 
 307          -493 
 307.1        -494 
 307.3        -496 
 307.5        -499 
 307.6        -499 
 307.9        -502 
 308          -502 
 308.1        -503 
 308.3        -504 
 308.5        -506 
 308.6        -507 
 308.8        -509 
 309.1        -510 
 309.3        -512 
 309.5        -514 
 309.6        -514 
 309.8        -516 
 310.1        -518 
 310.3        -518 
 310.5        -521 
 310.6        -521 
 310.8        -523 
 311          -524 
 311.1        -524 
 311.3        -524 
 311.5        -526 
 311.6        -526 
 311.8        -528 
 312          -530 
 312.1        -531 
 312.3        -531 
 312.5        -533 
 312.6        -533 
 312.8        -534 
 313          -535 
 313.1        -536 
 313.3        -537 
 313.5        -539 
 313.6        -539 
 313.8        -541 
 314          -541 
 314.1        -541 
 314.3        -538 
 314.5        -492 
 314.7        -492 
 314.8        -492 
 315          -493 
 315.1        -495 
 315.3        -496 
 315.5        -499 
 315.6        -499 
 315.9        -501 
 316          -503 
 316.1        -504 
 316.3        -505 
 316.5        -506 
 316.6        -507 
 316.9        -509 
 317          -511 
 317.1        -511 
 317.3        -512 
 317.5        -514 
 317.6        -514 
 317.8        -515 
 318.1        -517 
 318.3        -519 
 318.5        -520 
 318.6        -521 
 318.8        -522 
 319          -524 
 319.1        -524 
 319.3        -524 
 319.5        -526 
 319.6        -526 
 319.8        -528 
 320          -530 
 320.1        -531 
 320.3        -532 
 320.5        -533 
 320.6        -534 
 320.8        -534 
 321          -536 
 321.1        -536 
 321.3        -538 
 321.5        -538 
 321.6        -538 
 321.8        -540 
 322          -541 
 322.1        -542 
 322.3        -542 
 322.5        -533 
 322.7        -503 
 322.8        -493 
 323          -493 
 323.1        -493 
 323.3        -497 
 323.5        -500 
 323.7        -500 
 323.8        -501 
 324          -503 
 324.1        -504 
 324.3        -505 
 324.5        -507 
 324.6        -507 
 324.9        -509 
 325          -510 
 325.1        -510 
 325.3        -512 
 325.5        -514 
 325.6        -514 
 325.8        -515 
 326.1        -517 
 326.3        -518 
 326.5        -520 
 326.6        -521 
 326.8        -522 
 327.1        -524 
 327.3        -525 
 327.5        -527 
 327.6        -527 
 327.8        -529 
 328          -529 
 328.1        -530 
 328.3        -531 
 328.5        -532 
 328.6        -533 
 328.8        -534 
 329          -535 
 329.1        -536 
 329.4        -536 
 329.5        -538 
 329.6        -538 
 329.8        -540 
 330          -540 
 330.1        -541 
 330.3        -541 
 330.5        -541 
 330.6        -492 
 330.8        -492 
 331          -493 
 331.1        -494 
 331.3        -496 
 331.5        -498 
 331.7        -498 
 331.8        -500 
 332          -501 
 332.1        -503 
 332.3        -504 
 332.5        -505 
 332.6        -506 
 332.8        -507 
 333          -508 
 333.1        -509 
 333.3        -511 
 333.5        -513 
 333.6        -514 
 333.9        -514 
 334          -516 
 334.1        -516 
 334.3        -517 
 334.5        -519 
 334.6        -519 
 334.8        -521 
 335          -521 
 335.1        -522 
 335.3        -523 
 335.5        -524 
 335.6        -525 
 335.8        -526 
 336          -528 
 336.2        -529 
 336.3        -529 
 336.5        -531 
 336.6        -531 
 336.8        -533 
 337          -534 
 337.2        -534 
 337.3        -535 
 337.5        -536 
 337.6        -537 
 337.8        -538 
 338          -540 
 338.1        -540 
 338.4        -541 
 338.5        -542 
 338.6        -542 
 338.8        -542 
 339          -540 
 339.1        -506 
 339.3        -506 
 339.6        -507 
 339.8        -509 
 340          -511 
 340.1        -512 
 340.3        -514 
 340.6        -516 
 340.8        -516 
 341          -519 
 341.1        -519 
 341.3        -521 
 341.5        -522 
 341.6        -523 
 341.8        -523 
 342          -525 
 342.1        -525 
 342.3        -527 
 342.5        -528 
 342.6        -529 
 342.8        -529 
 343          -531 
 343.1        -531 
 343.3        -532 
 343.5        -533 
 343.6        -534 
 343.8        -536 
 344          -542 
 344.1        -542 
 344.3        -542 
 344.5        -542 
 344.6        -542 
 344.8        -542 
 345          -542 
 345.2        -542 
 345.3        -542 
 345.5        -539 
 345.6        -475 
 345.8        -470 
 346          -470 
 346.1        -471 
 346.4        -473 
 346.5        -475 
 346.6        -476 
 346.8        -479 
 347          -480 
 347.1        -483 
 347.4        -483 
 347.5        -485 
 347.6        -486 
 347.8        -487 
 348          -489 
 348.1        -490 
 348.3        -491 
 348.6        -493 
 348.8        -494 
 349          -495 
 349.1        -497 
 349.3        -498 
 349.5        -500 
 349.6        -500 
 349.8        -501 
 350          -502 
 350.1        -503 
 350.3        -504 
 350.5        -506 
 350.6        -507 
 350.8        -508 
 351          -509 
 351.1        -510 
 351.3        -511 
 351.5        -513 
 351.6        -513 
 351.8        -514 
 352          -514 
 352.1        -515 
 352.3        -517 
 352.5        -518 
 352.6        -519 
 352.8        -520 
 353          -522 
 353.2        -523 
 353.3        -523 
 353.5        -524 
 353.6        -524 
 353.8        -526 
 354          -528 
 354.2        -528 
 354.3        -528 
 354.5        -530 
 354.6        -531 
 354.8        -532 
 355          -533 
 355.1        -534 
 355.4        -535 
 355.5        -535 
 355.6        -535 
 355.8        -537 
 356          -539 
 356.1        -539 
 356.3        -540 
 356.6        -541 
 356.8        -542 
 357          -542 
 357.1        -534 
 357.3        -506 
 357.6        -507 
 357.8        -509 
 358          -512 
 358.1        -512 
 358.3        -514 
 358.5        -514 
 358.6        -515 
 358.8        -517 
 359          -518 
 359.1        -519 
 359.3        -520 
 359.5        -522 
 359.6        -523 
 359.8        -524 
 360          -525 
 360.1        -525 
 360.3        -527 
 360.5        -527 
 360.6        -530 
 360.8        -530 
 361          -531 
 361.1        -532 
 361.3        -533 
 361.5        -534 
 361.6        -535 
 361.8        -536 
 362          -538 
 362.2        -538 
 362.3        -539 
 362.5        -540 
 362.6        -542 
 362.8        -542 
 363          -542 
 363.1        -542 
 363.4        -494 
 363.5        -494 
 363.6        -494 
 363.8        -495 
 364          -498 
 364.1        -500 
 364.4        -502 
 364.5        -503 
 364.6        -504 
 364.8        -504 
 365          -507 
 365.1        -507 
 365.3        -509 
 365.6        -511 
 365.8        -512 
 366          -514 
 366.1        -514 
 366.3        -516 
 366.5        -518 
 366.7        -518 
 366.8        -518 
 367          -520 
 367.1        -521 
 367.3        -523 
 367.5        -524 
 367.6        -524 
 367.8        -525 
 368          -527 
 368.1        -528 
 368.3        -528 
 368.5        -531 
 368.6        -531 
 368.8        -533 
 369          -533 
 369.1        -533 
 369.3        -535 
 369.5        -536 
 369.6        -537 
 369.8        -538 
 370.1        -539 
 370.3        -541 
 370.5        -541 
 370.6        -541 
 370.8        -521 
 371          -493 
 371.2        -493 
 371.3        -493 
 371.5        -496 
 371.6        -497 
 371.8        -500 
 372          -501 
 372.1        -502 
 372.3        -503 
 372.5        -505 
 372.6        -505 
 372.8        -507 
 373          -509 
 373.1        -510 
 373.3        -510 
 373.5        -512 
 373.6        -512 
 373.8        -514 
 374          -515 
 374.1        -516 
 374.3        -518 
 374.5        -519 
 374.6        -519 
 374.8        -521 
 375          -522 
 375.1        -523 
 375.3        -524 
 375.5        -525 
 375.7        -525 
 375.8        -527 
 376          -528 
 376.1        -529 
 376.3        -530 
 376.5        -531 
 376.6        -532 
 376.9        -533 
 377          -534 
 377.1        -534 
 377.3        -535 
 377.5        -537 
 377.6        -538 
 377.9        -539 
 378          -541 
 378.1        -541 
 378.3        -542 
 378.5        -542 
 378.6        -542 
 378.8        -494 
 379.1        -494 
 379.3        -495 
 379.5        -497 
 379.6        -499 
 379.8        -500 
 380          -503 
 380.1        -503 
 380.3        -503 
 380.5        -505 
 380.6        -505 
 380.8        -508 
 381          -510 
 381.1        -511 
 381.3        -512 
 381.5        -513 
 381.6        -514 
 381.8        -514 
 382          -516 
 382.1        -517 
 382.3        -519 
 382.5        -519 
 382.6        -520 
 382.8        -521 
 383          -523 
 383.1        -523 
 383.3        -525 
 383.6        -526 
 383.8        -528 
 384          -529 
 384.1        -529 
 384.3        -531 
 384.6        -533 
 384.8        -534 
 385          -535 
 385.1        -541 
 385.3        -541 
 385.5        -540 
 385.7        -540 
 385.8        -540 
 386          -540 
 386.1        -540 
 386.3        -540 
 386.5        -540 
 386.6        -513 
 386.8        -478 
 387          -473 
 387.1        -473 
 387.3        -476 
 387.5        -479 
 387.6        -480 
 387.9        -483 
 388          -483 
 388.1        -484 
 388.3        -486 
 388.5        -488 
 388.6        -489 
 388.8        -491 
 389.1        -492 
 389.3        -493 
 389.5        -495 
 389.6        -496 
 389.8        -498 
 390          -499 
 390.1        -500 
 390.3        -501 
 390.5        -503 
 390.6        -503 
 390.8        -505 
 391          -505 
 391.2        -507 
 391.3        -507 
 391.5        -509 
 391.6        -509 
 391.8        -511 
 392          -512 
 392.1        -513 
 392.4        -514 
 392.5        -515 
 392.6        -515 
 392.8        -517 
 393          -518 
 393.1        -520 
 393.4        -520 
 393.5        -522 
 393.6        -522 
 393.8        -524 
 394          -524 
 394.1        -525 
 394.3        -526 
 394.6        -527 
 394.8        -529 
 395          -531 
 395.1        -531 
 395.3        -532 
 395.5        -533 
 395.7        -534 
 395.8        -534 
 396          -535 
 396.1        -536 
 396.3        -537 
 396.5        -539 
 396.6        -540 
 396.8        -541 
 397          -541 
 397.1        -541 
 397.3        -539 
 397.5        -494 
 397.6        -494 
 397.9        -494 
 398          -495 
 398.1        -497 
 398.3        -498 
 398.5        -501 
 398.6        -501 
 398.8        -503 
 399.1        -505 
 399.3        -507 
 399.5        -508 
 399.6        -510 
 399.8        -510 
 400          -512 
 400.1        -512 
 400.3        -514 
 400.5        -515 
 400.6        -516 
 400.8        -517 
 401          -519 
 401.2        -519 
 401.3        -520 
 401.5        -521 
 401.6        -522 
 401.8        -523 
 402          -525 
 402.2        -525 
 402.3        -525 
 402.5        -527 
 402.6        -528 
 402.8        -530 
 403          -531 
 403.1        -532 
 403.4        -533 
 403.5        -534 
 403.6        -534 
 403.8        -535 
 404          -537 
 404.1        -537 
 404.3        -539 
 404.6        -540 
 404.8        -541 
 405          -542 
 405.1        -542 
 405.3        -529 
 405.6        -490 
 405.8        -490 
 406          -493 
 406.1        -494 
 406.3        -497 
 406.5        -499 
 406.6        -500 
 406.8        -500 
 407          -502 
 407.1        -503 
 407.3        -504 
 407.5        -506 
 407.6        -507 
 407.8        -509 
 408          -509 
 408.1        -509 
 408.3        -512 
 408.5        -514 
 408.6        -514 
 408.8        -514 
 409          -516 
 409.1        -516 
 409.3        -518 
 409.5        -520 
 409.6        -520 
 409.8        -522 
 410          -523 
 410.2        -524 
 410.3        -524 
 410.5        -526 
 410.6        -526 
 410.8        -528 
 411          -528 
 411.1        -529 
 411.3        -530 
 411.5        -532 
 411.6        -532 
 411.8        -534 
 412          -534 
 412.1        -535 
 412.4        -536 
 412.5        -537 
 412.6        -538 
 412.8        -540 
 413          -540 
 413.1        -542 
 413.3        -542 
 413.5        -542 
 413.6        -542 
 413.8        -514 
 414          -496 
 414.1        -496 
 414.3        -498 
 414.5        -500 
 414.7        -500 
 414.8        -503 
 415          -503 
 415.1        -505 
 415.3        -506 
 415.5        -508 
 415.6        -508 
 415.8        -509 
 416          -511 
 416.1        -512 
 416.3        -514 
 416.5        -515 
 416.6        -516 
 416.9        -517 
 417          -518 
 417.1        -519 
 417.3        -520 
 417.5        -521 
 417.6        -522 
 417.8        -524 
 418.1        -525 
 418.3        -526 
 418.5        -527 
 418.6        -528 
 418.8        -529 
 419.1        -531 
 419.3        -532 
 419.5        -533 
 419.6        -534 
 419.8        -535 
 420          -542 
 420.1        -542 
 420.3        -542 
 420.5        -542 
 420.6        -542 
 420.8        -542 
 421          -542 
 421.1        -542 
 421.3        -521 
 421.5        -483 
 421.6        -468 
 421.8        -468 
 422          -470 
 422.1        -472 
 422.3        -474 
 422.5        -475 
 422.6        -476 
 422.8        -478 
 423          -481 
 423.1        -483 
 423.3        -484 
 423.5        -486 
 423.7        -487 
 423.8        -487 
 424          -489 
 424.1        -489 
 424.3        -492 
 424.5        -493 
 424.6        -493 
 424.9        -495 
 425          -496 
 425.1        -496 
 425.3        -498 
 425.5        -500 
 425.6        -501 
 425.9        -501 
 426          -503 
 426.1        -503 
 426.3        -505 
 426.5        -506 
 426.6        -507 
 426.8        -508 
 427.1        -509 
 427.3        -511 
 427.5        -512 
 427.6        -513 
 427.8        -514 
 428          -515 
 428.1        -515 
 428.3        -517 
 428.5        -517 
 428.6        -519 
 428.8        -519 
 429.1        -521 
 429.3        -523 
 429.5        -524 
 429.6        -524 
 429.8        -526 
 430          -526 
 430.1        -528 
 430.3        -528 
 430.5        -530 
 430.6        -530 
 430.8        -531 
 431          -532 
 431.1        -533 
 431.3        -534 
 431.5        -535 
 431.6        -535 
 431.8        -537 
 432          -537 
 432.1        -539 
 432.3        -539 
 432.5        -541 
 432.6        -541 
 432.8        -541 
 433          -541 
 433.1        -540 
 433.3        -492 
 433.5        -492 
 433.7        -494 
 433.8        -495 
 434          -497 
 434.1        -499 
 434.3        -499 
 434.5        -502 
 434.6        -502 
 434.9        -504 
 435          -504 
 435.1        -505 
 435.3        -507 
 435.5        -509 
 435.6        -509 
 435.9        -511 
 436          -512 
 436.1        -513 
 436.3        -514 
 436.5        -515 
 436.6        -515 
 436.8        -517 
 437.1        -519 
 437.3        -520 
 437.5        -522 
 437.6        -522 
 437.8        -524 
 438          -525 
 438.1        -525 
 438.3        -526 
 438.5        -527 
 438.6        -527 
 438.8        -529 
 439          -531 
 439.1        -531 
 439.3        -532 
 439.5        -533 
 439.6        -534 
 439.8        -535 
 440          -536 
 440.1        -541 
 440.3        -541 
 440.5        -541 
 440.6        -541 
 440.8        -541 
 441          -541 
 441.1        -541 
 441.3        -532 
 441.5        -495 
 441.7        -482 
 441.8        -480 
 442          -480 
 442.1        -480 
 442.3        -482 
 442.5        -484 
 442.7        -486 
 442.8        -486 
 443          -489 
 443.1        -489 
 443.3        -492 
 443.5        -493 
 443.6        -494 
 443.9        -495 
 444          -496 
 444.1        -497 
 444.3        -498 
 444.5        -500 
 444.6        -501 
 444.8        -502 
 445.1        -504 
 445.3        -505 
 445.5        -505 
 445.6        -507 
 445.8        -508 
 446.1        -510 
 446.3        -512 
 446.5        -513 
 446.6        -514 
 446.8        -515 
 447          -515 
 447.1        -517 
 447.3        -518 
 447.5        -519 
 447.6        -520 
 447.8        -520 
 448          -522 
 448.1        -522 
 448.3        -524 
 448.5        -524 
 448.6        -525 
 448.8        -526 
 449          -527 
 449.1        -528 
 449.3        -530 
 449.5        -531 
 449.6        -531 
 449.8        -533 
 450          -533 
 450.1        -534 
 450.3        -535 
 450.5        -536 
 450.7        -537 
 450.8        -537 
 451          -539 
 451.1        -539 
 451.3        -540 
 451.5        -542 
 451.6        -542 
 451.9        -542 
 452          -542 
 452.1        -542 
 452.3        -495 
 452.5        -495 
 452.7        -496 
 452.8        -497 
 453          -499 
 453.1        -500 
 453.3        -502 
 453.5        -504 
 453.6        -504 
 453.9        -506 
 454          -506 
 454.1        -508 
 454.3        -509 
 454.5        -511 
 454.6        -511 
 454.8        -513 
 455          -513 
 455.1        -514 
 455.3        -515 
 455.5        -517 
 455.6        -518 
 455.8        -519 
 456.1        -521 
 456.3        -522 
 456.5        -523 
 456.6        -523 
 456.8        -525 
 457          -526 
 457.1        -527 
 457.3        -527 
 457.5        -529 
 457.6        -530 
 457.8        -531 
 458          -533 
 458.1        -533 
 458.4        -534 
 458.5        -535 
 458.6        -535 
 458.8        -537 
 459          -539 
 459.1        -539 
 459.3        -540 
 459.5        -541 
 459.6        -541 
 459.8        -541 
 460          -539 
 460.1        -513 
 460.3        -493 
 460.5        -493 
 460.7        -496 
 460.8        -496 
 461          -499 
 461.1        -500 
 461.3        -501 
 461.5        -503 
 461.7        -504 
 461.8        -504 
 462          -506 
 462.1        -507 
 462.3        -509 
 462.5        -511 
 462.6        -512 
 462.9        -512 
 463          -514 
 463.1        -514 
 463.3        -516 
 463.5        -516 
 463.6        -517 
 463.8        -519 
 464.1        -520 
 464.3        -522 
 464.5        -523 
 464.6        -524 
 464.8        -524 
 465.1        -526 
 465.3        -528 
 465.5        -528 
 465.6        -530 
 465.8        -531 
 466          -532 
 466.1        -533 
 466.3        -534 
 466.5        -535 
 466.6        -536 
 466.8        -537 
 467          -538 
 467.1        -538 
 467.3        -540 
 467.5        -540 
 467.6        -542 
 467.8        -542 
 468          -542 
 468.1        -542 
 468.3        -493 
 468.5        -493 
 468.6        -493 
 468.8        -494 
 469          -497 
 469.1        -499 
 469.3        -500 
 469.5        -502 
 469.7        -503 
 469.8        -503 
 470          -505 
 470.1        -506 
 470.3        -507 
 470.5        -509 
 470.6        -510 
 470.9        -512 
 471          -512 
 471.1        -513 
 471.3        -514 
 471.5        -516 
 471.6        -516 
 471.8        -516 
 472          -518 
 472.1        -519 
 472.3        -521 
 472.5        -523 
 472.6        -523 
 472.9        -524 
 473          -525 
 473.1        -526 
 473.3        -526 
 473.5        -528 
 473.6        -528 
 473.8        -530 
 474.1        -531 
 474.3        -533 
 474.5        -534 
 474.6        -534 
 474.8        -535 
 475.1        -542 
 475.3        -542 
 475.5        -542 
 475.6        -542 
 475.8        -542 
 476          -542 
 476.1        -542 
 476.3        -542 
 476.5        -481 
 476.6        -477 
 476.8        -477 
 477          -479 
 477.1        -480 
 477.3        -483 
 477.5        -484 
 477.6        -484 
 477.8        -487 
 478          -489 
 478.1        -490 
 478.3        -491 
 478.5        -492 
 478.6        -493 
 478.8        -495 
 479          -496 
 479.1        -497 
 479.3        -499 
 479.5        -500 
 479.7        -501 
 479.8        -502 
 480          -504 
 480.1        -504 
 480.3        -505 
 480.5        -506 
 480.6        -507 
 480.9        -508 
 481          -509 
 481.1        -511 
 481.3        -511 
 481.5        -513 
 481.6        -513 
 481.9        -514 
 482          -516 
 482.1        -516 
 482.3        -518 
 482.5        -519 
 482.6        -520 
 482.8        -521 
 483.1        -523 
 483.3        -524 
 483.5        -524 
 483.6        -525 
 483.8        -527 
 484          -528 
 484.2        -529 
 484.3        -530 
 484.5        -530 
 484.6        -532 
 484.8        -532 
 485          -534 
 485.1        -534 
 485.3        -535 
 485.5        -536 
 485.6        -537 
 485.8        -538 
 486          -539 
 486.1        -540 
 486.3        -541 
 486.5        -542 
 486.6        -542 
 486.8        -542 
 487          -489 
 487.1        -485 
 487.3        -485 
 487.6        -486 
 487.8        -489 
 488          -491 
 488.1        -492 
 488.3        -494 
 488.5        -496 
 488.7        -497 
 488.8        -498 
 489          -499 
 489.1        -500 
 489.3        -502 
 489.5        -504 
 489.6        -504 
 489.8        -504 
 490          -506 
 490.1        -507 
 490.3        -508 
 490.5        -510 
 490.6        -511 
 490.8        -512 
 491          -513 
 491.1        -513 
 491.3        -515 
 491.5        -517 
 491.6        -517 
 491.9        -519 
 492          -519 
 492.1        -520 
 492.3        -521 
 492.5        -523 
 492.6        -523 
 492.8        -524 
 493.1        -526 
 493.3        -527 
 493.5        -529 
 493.6        -529 
 493.8        -531 
 494          -531 
 494.1        -532 
 494.3        -533 
 494.5        -534 
 494.6        -534 
 494.8        -536 
 495          -542 
 495.1        -542 
 495.3        -542 
 495.5        -542 
 495.6        -542 
 495.8        -542 
 496          -542 
 496.1        -542 
 496.3        -528 
 496.5        -490 
 496.6        -464 
 496.8        -464 
 497          -466 
 497.1        -467 
 497.3        -470 
 497.6        -472 
 497.8        -475 
 498          -475 
 498.1        -478 
 498.3        -479 
 498.5        -481 
 498.7        -482 
 498.8        -483 
 499          -484 
 499.1        -485 
 499.3        -487 
 499.5        -488 
 499.6        -490 
 499.8        -490 
 500          -492 
 500.1        -493 
 500.3        -493 
 500.5        -495 
 500.6        -495 
 500.8        -497 
 501          -498 
 501.1        -499 
 501.3        -500 
 501.5        -501 
 501.6        -503 
 501.8        -504 
 502.1        -505 
 502.3        -507 
 502.5        -507 
 502.6        -508 
 502.8        -510 
 503          -511 
 503.2        -512 
 503.3        -512 
 503.5        -514 
 503.6        -514 
 503.8        -515 
 504          -517 
 504.1        -517 
 504.4        -519 
 504.5        -519 
 504.6        -520 
 504.8        -521 
 505          -523 
 505.1        -524 
 505.4        -525 
 505.5        -525 
 505.6        -526 
 505.8        -527 
 506          -528 
 506.1        -529 
 506.3        -531 
 506.6        -532 
 506.8        -533 
 507          -534 
 507.1        -534 
 507.3        -536 
 507.5        -542 
 507.6        -542 
 507.8        -542 
 508          -542 
 508.1        -542 
 508.3        -542 
 508.5        -542 
 508.6        -542 
 508.8        -542 
 509          -474 
 509.1        -467 
 509.3        -467 
 509.5        -468 
 509.6        -470 
 509.8        -473 
 510          -473 
 510.1        -475 
 510.3        -477 
 510.5        -479 
 510.6        -480 
 510.8        -482 
 511.1        -483 
 511.3        -485 
 511.5        -487 
 511.6        -487 
 511.8        -489 
 512.1        -491 
 512.2        -492 
 512.4        -493 
 512.5        -494 
 512.6        -494 
 512.7        -495 
 512.9        -496 
 513          -497 
 513.2        -498 
 513.4        -499 
 513.5        -501 
 513.6        -501 
 513.7        -501 
 513.9        -503 
 514          -504 
 514.1        -504 
 514.3        -505 
 514.4        -505 
 514.5        -507 
 514.6        -507 
 514.7        -508 
 514.9        -509 
 515          -511 
 515.1        -511 
 515.2        -511 
 515.4        -512 
 515.5        -513 
 515.6        -513 
 515.7        -514 
 515.9        -515 
 516          -515 
 516.1        -517 
 516.2        -517 
 516.4        -519 
 516.6        -519 
 516.7        -520 
 516.9        -521 
 517          -522 
 517.1        -523 
 517.2        -523 
 517.4        -524 
 517.5        -525 
 517.7        -525 
 517.9        -526 
 518          -527 
 518.1        -528 
 518.2        -528 
 518.4        -530 
 518.5        -530 
 518.6        -531 
 518.8        -532 
 518.9        -532 
 519          -533 
 519.1        -534 
 519.2        -534 
 519.4        -536 
 519.5        -536 
 519.6        -536 
 519.7        -537 
 520          -538 
 520.1        -539 
 520.2        -539 
 520.4        -541 
 520.5        -541 
 520.6        -542 
 520.7        -542 
 520.9        -542 
 521          -533 
 521.1        -502 
 521.2        -492 
 521.4        -492 
 521.5        -492 
 521.6        -494 
 521.7        -495 
 521.9        -498 
 522.1        -498 
 522.2        -498 
 522.4        -501 
 522.5        -501 
 522.6        -502 
 522.7        -503 
 522.9        -504 
 523          -505 
 523.2        -506 
 523.4        -508 
 523.5        -508 
 523.6        -509 
 523.7        -510 
 523.9        -511 
 524          -513 
 524.1        -513 
 524.3        -514 
 524.4        -515 
 524.5        -515 
 524.6        -516 
 524.7        -517 
 524.9        -518 
 525          -519 
 525.1        -519 
 525.2        -520 
 525.5        -521 
 525.6        -522 
 525.7        -523 
 525.9        -524 
 526          -525 
 526.1        -525 
 526.2        -526 
 526.4        -527 
 526.6        -528 
 526.7        -529 
 526.9        -530 
 527          -531 
 527.1        -531 
 527.2        -532 
 527.4        -534 
 527.5        -534 
 527.7        -534 
 527.9        -536 
 528          -536 
 528.1        -537 
 528.2        -538 
 528.4        -538 
 528.5        -540 
 528.6        -540 
 528.8        -540 
 528.9        -541 
 529          -541 
 529.1        -541 
 529.2        -541 
 529.4        -494 
 529.5        -494 
 529.6        -494 
 529.7        -494 
 530          -496 
 530.1        -497 
 530.2        -499 
 530.4        -500 
 530.5        -502 
 530.6        -503 
 530.7        -503 
 531          -505 
 531.1        -506 
 531.2        -507 
 531.4        -508 
 531.5        -509 
 531.6        -510 
 531.7        -511 
 531.9        -512 
 532          -513 
 532.2        -514 
 532.4        -515 
 532.5        -516 
 532.6        -516 
 532.7        -517 
 532.9        -519 
 533          -519 
 533.1        -519 
 533.2        -521 
 533.4        -521 
 533.5        -522 
 533.6        -523 
 533.7        -523 
 533.9        -524 
 534          -525 
 534.1        -527 
 534.2        -527 
 534.4        -528 
 534.5        -529 
 534.6        -529 
 534.7        -530 
 534.9        -531 
 535          -531 
 535.1        -533 
 535.2        -533 
 535.4        -534 
 535.6        -534 
 535.7        -535 
 535.9        -536 
 536          -537 
 536.1        -538 
 536.2        -538 
 536.4        -540 
 536.5        -540 
 536.6        -541 
 536.8        -541 
 536.9        -541 
 537          -541 
 537.1        -541 
 537.2        -519 
 537.4        -484 
 537.5        -484 
 537.6        -484 
 537.8        -487 
 537.9        -487 
 538          -488 
 538.1        -490 
 538.2        -491 
 538.4        -493 
 538.5        -493 
 538.6        -494 
 538.7        -495 
 539          -497 
 539.1        -498 
 539.2        -498 
 539.4        -501 
 539.5        -501 
 539.6        -501 
 539.7        -503 
 539.9        -504 
 540          -504 
 540.2        -506 
 540.4        -507 
 540.5        -508 
 540.6        -508 
 540.7        -509 
 540.9        -511 
 541          -512 
 541.2        -512 
 541.4        -514 
 541.5        -514 
 541.6        -514 
 541.7        -516 
 541.9        -517 
 542          -518 
 542.1        -518 
 542.2        -519 
 542.4        -520 
 542.5        -520 
 542.6        -521 
 542.7        -522 
 542.9        -523 
 543          -524 
 543.1        -524 
 543.2        -525 
 543.4        -526 
 543.6        -526 
 543.7        -528 
 543.9        -528 
 544          -530 
 544.1        -530 
 544.2        -530 
 544.4        -532 
 544.6        -533 
 544.7        -534 
 544.9        -535 
 545          -535 
 545.1        -536 
 545.2        -537 
 545.4        -537 
 545.5        -539 
 545.6        -539 
 545.8        -539 
 545.9        -540 
 546          -541 
 546.1        -541 
 546.2        -542 
 546.4        -542 
 546.5        -542 
 546.6        -536 
 546.7        -514 
 547          -514 
 547.1        -514 
 547.2        -514 
 547.4        -516 
 547.5        -517 
 547.6        -519 
 547.7        -519 
 548          -521 
 548.1        -521 
 548.2        -523 
 548.4        -524 
 548.5        -524 
 548.6        -525 
 548.7        -525 
 548.9        -527 
 549          -528 
 549.2        -528 
 549.4        -530 
 549.5        -531 
 549.6        -532 
 549.7        -532 
 549.9        -534 
 550          -534 
 550.1        -534 
 550.2        -535 
 550.4        -535 
 550.5        -537 
 550.6        -537 
 550.7        -538 
 550.9        -539 
 551          -540 
 551.2        -541 
 551.4        -542 
 551.5        -542 
 551.6        -542 
 551.7        -542 
 551.9        -508 
 552          -485 
 552.1        -485 
 552.2        -485 
 552.4        -485 
 552.5        -488 
 552.6        -489 
 552.7        -490 
 552.9        -493 
 553          -493 
 553.1        -493 
 553.2        -494 
 553.4        -495 
 553.5        -496 
 553.6        -497 
 553.7        -498 
 553.9        -500 
 554          -501 
 554.1        -503 
 554.2        -503 
 554.4        -505 
 554.6        -505 
 554.7        -505 
 554.9        -507 
 555          -508 
 555.1        -508 
 555.2        -510 
 555.4        -511 
 555.5        -512 
 555.6        -512 
 555.8        -513 
 555.9        -514 
 556          -514 
 556.1        -515 
 556.2        -516 
 556.4        -517 
 556.6        -518 
 556.7        -519 
 556.9        -520 
 557          -521 
 557.1        -522 
 557.2        -522 
 557.4        -524 
 557.5        -524 
 557.6        -524 
 557.8        -525 
 557.9        -526 
 558          -526 
 558.1        -527 
 558.2        -528 
 558.4        -529 
 558.5        -530 
 558.6        -531 
 558.7        -532 
 559          -532 
 559.1        -534 
 559.2        -534 
 559.4        -534 
 559.5        -535 
 559.6        -536 
 559.7        -541 
 560          -541 
 560.1        -541 
 560.2        -541 
 560.4        -541 
 560.5        -541 
 560.6        -541 
 560.7        -541 
 560.9        -541 
 561          -519 
 561.2        -488 
 561.4        -479 
 561.5        -479 
 561.6        -479 
 561.7        -482 
 561.9        -483 
 562          -484 
 562.1        -486 
 562.2        -486 
 562.4        -488 
 562.5        -488 
 562.6        -489 
 562.7        -491 
 562.9        -492 
 563          -493 
 563.1        -494 
 563.2        -494 
 563.4        -496 
 563.5        -496 
 563.6        -497 
 563.7        -498 
 563.9        -499 
 564          -501 
 564.1        -501 
 564.2        -502 
 564.4        -503 
 564.6        -504 
 564.7        -505 
 564.9        -506 
 565          -507 
 565.1        -507 
 565.2        -508 
 565.4        -510 
 565.5        -510 
 565.6        -512 
 565.8        -512 
 565.9        -512 
 566          -514 
 566.1        -514 
 566.2        -514 
 566.4        -516 
 566.5        -516 
 566.6        -517 
 566.8        -518 
 566.9        -519 
 567          -520 
 567.1        -520 
 567.2        -521 
 567.4        -522 
 567.5        -523 
 567.6        -524 
 567.7        -524 
 568          -525 
 568.1        -525 
 568.2        -526 
 568.4        -527 
 568.5        -528 
 568.6        -529 
 568.7        -530 
 568.9        -531 
 569          -532 
 569.2        -532 
 569.4        -533 
 569.5        -534 
 569.6        -535 
 569.7        -535 
 569.9        -542 
 570          -542 
 570.2        -542 
 570.4        -542 
 570.5        -542 
 570.6        -542 
 570.7        -542 
 570.9        -542 
 571          -542 
 571.1        -542 
 571.2        -532 
 571.4        -470 
 571.5        -470 
 571.6        -470 
 571.7        -470 
 571.9        -473 
 572          -474 
 572.1        -474 
 572.2        -477 
 572.4        -478 
 572.6        -480 
 572.7        -481 
 572.9        -483 
 573          -483 
 573.1        -484 
 573.2        -485 
 573.4        -488 
 573.6        -489 
 573.7        -489 
 573.9        -491 
 574          -491 
 574.1        -493 
 574.2        -493 
 574.4        -495 
 574.5        -495 
 574.6        -496 
 574.8        -496 
 574.9        -498 
 575          -498 
 575.1        -499 
 575.2        -500 
 575.4        -501 
 575.5        -502 
 575.6        -503 
 575.7        -504 
 576          -504 
 576.1        -505 
 576.2        -506 
 576.4        -507 
 576.5        -508 
 576.6        -509 
 576.7        -509 
 577          -511 
 577.1        -512 
 577.2        -513 
 577.4        -514 
 577.5        -514 
 577.6        -515 
 577.7        -516 
 577.9        -517 
 578          -518 
 578.2        -518 
 578.4        -520 
 578.5        -520 
 578.6        -520 
 578.7        -522 
 578.9        -523 
 579          -523 
 579.1        -524 
 579.2        -524 
 579.4        -525 
 579.5        -526 
 579.6        -526 
 579.7        -527 
 579.9        -528 
 580          -529 
 580.1        -530 
 580.2        -531 
 580.4        -532 
 580.5        -532 
 580.6        -533 
 580.7        -534 
 580.9        -534 
 581          -535 
 581.1        -535 
 581.2        -536 
 581.4        -537 
 581.6        -538 
 581.7        -538 
 581.9        -540 
 582          -540 
 582.1        -541 
 582.2        -542 
 582.4        -542 
 582.5        -542 
 582.6        -539 
 582.8        -512 
 582.9        -493 
 583          -493 
 583.1        -493 
 583.2        -493 
 583.4        -496 
 583.5        -497 
 583.6        -499 
 583.8        -500 
 583.9        -501 
 584          -502 
 584.1        -503 
 584.2        -503 
 584.4        -505 
 584.5        -505 
 584.6        -507 
 584.7        -507 
 585          -509 
 585.1        -509 
 585.2        -510 
 585.4        -512 
 585.5        -512 
 585.6        -513 
 585.7        -514 
 585.9        -515 
 586          -516 
 586.2        -516 
 586.4        -518 
 586.5        -518 
 586.6        -519 
 586.7        -520 
 586.9        -522 
 587          -522 
 587.2        -523 
 587.4        -524 
 587.5        -524 
 587.6        -526 
 587.7        -526 
 587.9        -528 
 588          -528 
 588.1        -528 
 588.2        -529 
 588.4        -530 
 588.5        -530 
 588.6        -532 
 588.7        -532 
 588.9        -534 
 589          -534 
 589.1        -534 
 589.2        -535 
 589.5        -536 
 589.6        -537 
 589.7        -537 
 589.9        -538 
 590          -539 
 590.1        -540 
 590.2        -540 
 590.4        -542 
 590.6        -542 
 590.7        -542 
 590.9        -527 
 591          -497 
 591.1        -495 
 591.2        -495 
 591.4        -495 
 591.5        -497 
 591.7        -497 
 591.9        -500 
 592          -500 
 592.1        -501 
 592.2        -503 
 592.4        -504 
 592.5        -504 
 592.6        -505 
 592.7        -506 
 592.9        -507 
 593          -508 
 593.1        -508 
 593.2        -510 
 593.4        -512 
 593.5        -512 
 593.6        -512 
 593.8        -514 
 593.9        -514 
 594          -514 
 594.1        -515 
 594.2        -516 
 594.4        -517 
 594.5        -518 
 594.6        -518 
 594.7        -519 
 595          -521 
 595.1        -521 
 595.2        -522 
 595.4        -524 
 595.5        -524 
 595.6        -524 
 595.7        -525 
 596          -526 
 596.1        -527 
 596.2        -528 
 596.4        -529 
 596.5        -530 
 596.6        -531 
 596.7        -531 
 596.9        -533 
 597          -533 
 597.2        -534 
 597.4        -535 
 597.5        -536 
 597.6        -542 
 597.7        -542 
 597.9        -542 
 598          -542 
 598.1        -542 
 598.2        -542 
 598.4        -542 
 598.5        -542 
 598.6        -542 
 598.7        -542 
 598.9        -542 
 599          -540 
 599.1        -513 
 599.2        -465 
 599.4        -465 
 599.5        -465 
 599.6        -465 
 599.7        -466 
 599.9        -470 
 600          -472 
 600.1        -472 
 600.2        -473 
 600.4        -475 
 600.6        -476 
 600.7        -478 
 600.9        -479 
 601          -480 
 601.1        -481 
 601.2        -482 
 601.4        -483 
 601.5        -484 
 601.6        -485 
 601.8        -486 
 601.9        -486 
 602          -487 
 602.1        -488 
 602.2        -489 
 602.4        -491 
 602.5        -491 
 602.6        -493 
 602.8        -493 
 602.9        -493 
 603          -493 
 603.1        -495 
 603.2        -495 
 603.4        -497 
 603.5        -498 
 603.6        -499 
 603.7        -500 
 604          -501 
 604.1        -502 
 604.2        -502 
 604.4        -504 
 604.5        -504 
 604.6        -505 
 604.7        -506 
 604.9        -508 
 605.1        -508 
 605.2        -508 
 605.4        -510 
 605.5        -510 
 605.6        -511 
 605.7        -512 
 605.9        -513 
 606          -514 
 606.2        -514 
 606.4        -516 
 606.5        -516 
 606.6        -518 
 606.7        -518 
 606.9        -520 
 607          -520 
 607.1        -520 
 607.3        -522 
 607.4        -522 
 607.5        -522 
 607.6        -523 
 607.7        -524 
 607.9        -525 
 608          -525 
 608.1        -526 
 608.2        -527 
 608.5        -528 
 608.6        -529 
 608.7        -529 
 608.9        -531 
 609          -531 
 609.1        -531 
 609.2        -533 
 609.4        -533 
 609.5        -534 
 609.6        -535 
 609.7        -535 
 609.9        -537 
 610          -537 
 610.1        -537 
 610.2        -538 
 610.4        -539 
 610.6        -540 
 610.7        -540 
 610.9        -542 
 611          -542 
 611.1        -543 
 611.2        -543 
 611.4        -543 
 611.5        -517 
 611.6        -504 
 611.8        -485 
 611.9        -485 
 612          -485 
 612.1        -485 
 612.2        -486 
 612.4        -488 
 612.5        -490 
 612.6        -491 
 612.8        -492 
 612.9        -493 
 613          -494 
 613.1        -495 
 613.2        -496 
 613.4        -498 
 613.5        -499 
 613.6        -499 
 613.7        -499 
 614          -501 
 614.1        -502 
 614.2        -504 
 614.4        -504 
 614.5        -505 
 614.6        -506 
 614.7        -506 
 614.9        -508 
 615.1        -509 
 615.2        -510 
 615.4        -511 
 615.5        -512 
 615.6        -513 
 615.7        -513 
 615.9        -514 
 616          -514 
 616.2        -516 
 616.4        -517 
 616.5        -519 
 616.6        -519 
 616.7        -519 
 616.9        -520 
 617          -521 
 617.1        -522 
 617.3        -523 
 617.4        -524 
 617.5        -524 
 617.6        -524 
 617.7        -525 
 617.9        -526 
 618          -527 
 618.1        -528 
 618.2        -528 
 618.5        -531 
 618.6        -531 
 618.7        -531 
 618.9        -533 
 619          -534 
 619.1        -534 
 619.2        -534 
 619.4        -535 
 619.5        -536 
 619.6        -542 
 619.7        -542 
 619.9        -542 
 620          -542 
 620.1        -542 
 620.2        -542 
 620.4        -542 
 620.6        -542 
 620.7        -542 
 620.9        -542 
 621          -540 
 621.1        -515 
 621.2        -462 
 621.4        -462 
 621.5        -462 
 621.6        -464 
 621.8        -465 
 621.9        -466 
 622          -468 
 622.1        -470 
 622.2        -470 
 622.4        -473 
 622.5        -474 
 622.6        -476 
 622.8        -476 
 622.9        -477 
 623          -478 
 623.1        -479 
 623.2        -479 
 623.4        -481 
 623.5        -482 
 623.6        -483 
 623.7        -484 
 624          -486 
 624.1        -486 
 624.2        -486 
 624.4        -489 
 624.5        -489 
 624.6        -489 
 624.7        -491 
 624.9        -492 
 625.1        -493 
 625.2        -493 
 625.4        -495 
 625.5        -496 
 625.6        -496 
 625.7        -498 
 625.9        -500 
 626          -500 
 626.2        -501 
 626.4        -502 
 626.5        -502 
 626.6        -504 
 626.7        -504 
 626.9        -506 
 627          -506 
 627.1        -506 
 627.2        -507 
 627.4        -508 
 627.5        -508 
 627.6        -509 
 627.7        -510 
 627.9        -512 
 628          -512 
 628.1        -513 
 628.2        -514 
 628.5        -514 
 628.6        -515 
 628.7        -516 
 628.9        -517 
 629          -518 
 629.1        -519 
 629.2        -520 
 629.4        -521 
 629.6        -522 
 629.7        -522 
 629.9        -524 
 630          -524 
 630.1        -524 
 630.2        -525 
 630.4        -526 
 630.5        -527 
 630.7        -528 
 630.9        -529 
 631          -530 
 631.1        -530 
 631.2        -531 
 631.4        -532 
 631.5        -532 
 631.6        -534 
 631.7        -534 
 631.9        -534 
 632          -535 
 632.1        -535 
 632.2        -542 
 632.4        -542 
 632.5        -542 
 632.6        -542 
 632.7        -542 
 632.9        -542 
 633          -542 
 633.1        -542 
 633.2        -542 
 633.4        -542 
 633.5        -534 
 633.6        -500 
 633.7        -469 
 633.9        -467 
 634.1        -467 
 634.2        -467 
 634.4        -470 
 634.5        -472 
 634.6        -473 
 634.7        -473 
 634.9        -476 
 635          -476 
 635.1        -478 
 635.3        -479 
 635.4        -479 
 635.5        -481 
 635.6        -482 
 635.7        -482 
 635.9        -484 
 636          -485 
 636.1        -486 
 636.3        -487 
 636.4        -487 
 636.5        -489 
 636.6        -489 
 636.7        -490 
 636.9        -491 
 637          -492 
 637.1        -493 
 637.2        -493 
 637.5        -495 
 637.6        -496 
 637.7        -496 
 637.9        -498 
 638          -498 
 638.1        -499 
 638.2        -500 
 638.4        -502 
 638.6        -503 
 638.7        -504 
 638.9        -505 
 639          -506 
 639.1        -506 
 639.2        -506 
 639.4        -508 
 639.6        -508 
 639.7        -510 
 639.9        -511 
 640          -511 
 640.1        -513 
 640.2        -513 
 640.4        -514 
 640.5        -514 
 640.7        -515 
 640.9        -516 
 641          -517 
 641.1        -518 
 641.2        -518 
 641.4        -520 
 641.5        -521 
 641.6        -521 
 641.8        -522 
 641.9        -523 
 642          -524 
 642.1        -524 
 642.2        -524 
 642.4        -526 
 642.5        -526 
 642.6        -527 
 642.7        -528 
 643          -529 
 643.1        -530 
 643.2        -530 
 643.4        -532 
 643.5        -532 
 643.6        -533 
 643.7        -534 
 643.9        -535 
 644.1        -535 
 644.2        -535 
 644.4        -537 
 644.5        -537 
 644.6        -538 
 644.7        -539 
 645          -541 
 645.1        -541 
 645.2        -542 
 645.4        -542 
 645.5        -542 
 645.6        -536 
 645.7        -508 
 645.9        -494 
 646          -494 
 646.2        -494 
 646.4        -497 
 646.5        -497 
 646.6        -498 
 646.7        -500 
 646.9        -501 
 647          -503 
 647.1        -503 
 647.2        -504 
 647.4        -505 
 647.5        -506 
 647.6        -506 
 647.7        -507 
 647.9        -509 
 648          -510 
 648.1        -510 
 648.2        -512 
 648.4        -513 
 648.5        -513 
 648.6        -514 
 648.7        -514 
 648.9        -516 
 649          -517 
 649.1        -517 
 649.2        -518 
 649.4        -519 
 649.6        -520 
 649.7        -521 
 649.9        -522 
 650          -523 
 650.1        -523 
 650.2        -524 
 650.4        -525 
 650.5        -526 
 650.6        -527 
 650.8        -527 
 650.9        -528 
 651          -529 
 651.1        -529 
 651.2        -530 
 651.4        -531 
 651.5        -533 
 651.6        -533 
 651.8        -534 
 651.9        -534 
 652          -535 
 652.1        -535 
 652.2        -536 
 652.4        -537 
 652.5        -538 
 652.6        -538 
 652.7        -539 
 653          -540 
 653.1        -541 
 653.2        -542 
 653.4        -542 
 653.5        -542 
 653.6        -504 
 653.7        -494 
 653.9        -494 
 654.1        -494 
 654.2        -495 
 654.4        -498 
 654.5        -499 
 654.6        -500 
 654.7        -500 
 654.9        -503 
 655          -505 
 655.2        -505 
 655.4        -506 
 655.5        -508 
 655.6        -508 
 655.7        -508 
 655.9        -510 
 656          -511 
 656.1        -512 
 656.3        -513 
 656.4        -513 
 656.5        -514 
 656.6        -514 
 656.7        -515 
 656.9        -517 
 657          -517 
 657.1        -519 
 657.2        -519 
 657.5        -521 
 657.6        -521 
 657.7        -521 
 657.9        -523 
 658          -524 
 658.1        -524 
 658.2        -525 
 658.4        -527 
 658.6        -527 
 658.7        -528 
 658.9        -529 
 659          -530 
 659.1        -531 
 659.2        -531 
 659.4        -533 
 659.5        -533 
 659.7        -533 
 659.9        -535 
 660          -535 
 660.1        -536 
 660.2        -537 
 660.4        -538 
 660.5        -539 
 660.6        -539 
 660.7        -540 
 660.9        -541 
 661          -541 
 661.1        -541 
 661.2        -541 
 661.4        -539 
 661.5        -513 
 661.6        -494 
 661.7        -494 
 661.9        -494 
 662          -495 
 662.1        -497 
 662.2        -498 
 662.4        -501 
 662.5        -501 
 662.6        -502 
 662.7        -503 
 662.9        -504 
 663.1        -505 
 663.2        -505 
 663.4        -508 
 663.5        -508 
 663.6        -509 
 663.7        -510 
 663.9        -511 
 664          -513 
 664.1        -513 
 664.3        -513 
 664.4        -514 
 664.5        -515 
 664.6        -515 
 664.7        -516 
 664.9        -517 
 665          -519 
 665.1        -520 
 665.3        -521 
 665.4        -521 
 665.5        -522 
 665.6        -523 
 665.7        -523 
 665.9        -524 
 666          -525 
 666.1        -525 
 666.2        -526 
 666.5        -527 
 666.6        -528 
 666.7        -529 
 666.9        -530 
 667          -531 
 667.1        -531 
 667.2        -532 
 667.4        -533 
 667.5        -534 
 667.7        -535 
 667.9        -542 
 668          -542 
 668.1        -542 
 668.2        -542 
 668.4        -542 
 668.6        -542 
 668.7        -542 
 668.9        -542 
 669          -542 
 669.1        -542 
 669.2        -542 
 669.4        -467 
 669.5        -467 
 669.7        -467 
 669.9        -468 
 670          -470 
 670.1        -471 
 670.2        -473 
 670.4        -474 
 670.5        -475 
 670.6        -477 
 670.8        -477 
 670.9        -478 
 671          -480 
 671.1        -481 
 671.2        -482 
 671.4        -484 
 671.5        -485 
 671.6        -485 
 671.7        -486 
 671.9        -487 
 672          -488 
 672.1        -489 
 672.2        -490 
 672.4        -491 
 672.5        -491 
 672.6        -493 
 672.7        -493 
 672.9        -495 
 673.1        -495 
 673.2        -496 
 673.4        -498 
 673.5        -498 
 673.6        -499 
 673.7        -500 
 674          -502 
 674.1        -503 
 674.2        -504 
 674.4        -505 
 674.5        -506 
 674.6        -506 
