 .1           -453 
 .2           -453 
 .5           -457 
 .7           -460 
 .8           -460 
 1            -463 
 1.1          -464 
 1.3          -466 
 1.5          -469 
 1.7          -479 
 1.8          -479 
 2            -479 
 2.1          -479 
 2.2          -479 
 2.4          -479 
 2.5          -479 
 2.6          -479 
 2.7          -479 
 2.9          -479 
 3            -479 
 3.1          -479 
 3.2          -447 
 3.4          -414 
 3.5          -414 
 3.6          -414 
 3.7          -416 
 3.9          -420 
 4            -420 
 4.2          -425 
 4.4          -426 
 4.6          -430 
 4.7          -431 
 4.9          -433 
 5.1          -435 
 5.2          -437 
 5.4          -439 
 5.6          -441 
 5.7          -441 
 5.9          -444 
 6.1          -448 
 6.3          -448 
 6.4          -448 
 6.6          -452 
 6.7          -453 
 6.9          -455 
 7.1          -457 
 7.2          -458 
 7.4          -461 
 7.6          -462 
 7.7          -464 
 7.9          -465 
 8.1          -468 
 8.3          -478 
 8.5          -478 
 8.7          -478 
 8.8          -478 
 9            -478 
 9.2          -478 
 9.4          -478 
 9.6          -478 
 9.8          -434 
 10           -406 
 10.2         -408 
 10.3         -412 
 10.5         -412 
 10.7         -416 
 10.8         -418 
 11           -421 
 11.2         -424 
 11.3         -426 
 11.5         -428 
 11.7         -430 
 11.8         -430 
 12           -434 
 12.2         -434 
 12.3         -437 
 12.5         -438 
 12.7         -440 
 12.8         -442 
 13           -444 
 13.2         -447 
 13.3         -447 
 13.5         -450 
 13.7         -451 
 13.8         -451 
 14           -454 
 14.2         -456 
 14.3         -458 
 14.5         -459 
 14.7         -462 
 14.9         -463 
 15.1         -465 
 15.3         -468 
 15.5         -478 
 15.7         -478 
 15.9         -478 
 16.1         -478 
 16.3         -478 
 16.5         -478 
 16.6         -478 
 16.8         -473 
 17.1         -405 
 17.3         -405 
 17.5         -411 
 17.6         -411 
 17.8         -416 
 18           -418 
 18.1         -421 
 18.3         -421 
 18.5         -424 
 18.6         -426 
 18.8         -429 
 19           -432 
 19.2         -433 
 19.3         -434 
 19.5         -437 
 19.6         -438 
 19.8         -441 
 20           -443 
 20.1         -444 
 20.4         -445 
 20.5         -448 
 20.6         -448 
 20.8         -451 
 21           -453 
 21.1         -454 
 21.3         -457 
 21.5         -458 
 21.6         -458 
 21.8         -462 
 22           -464 
 22.1         -465 
 22.3         -468 
 22.6         -479 
 22.8         -479 
 23           -479 
 23.1         -479 
 23.3         -479 
 23.5         -479 
 23.7         -479 
 23.8         -479 
 24           -455 
 24.1         -410 
 24.3         -408 
 24.5         -408 
 24.6         -411 
 24.9         -414 
 25           -416 
 25.1         -418 
 25.3         -421 
 25.5         -424 
 25.6         -427 
 25.9         -430 
 26           -431 
 26.1         -431 
 26.3         -434 
 26.5         -436 
 26.6         -438 
 26.8         -440 
 27.1         -442 
 27.3         -445 
 27.5         -447 
 27.6         -449 
 27.8         -451 
 28           -452 
 28.1         -454 
 28.3         -455 
 28.5         -459 
 28.6         -459 
 28.8         -462 
 29           -463 
 29.2         -465 
 29.3         -465 
 29.5         -468 
 29.6         -469 
 29.8         -472 
 30           -472 
 30.1         -475 
 30.4         -475 
 30.5         -478 
 30.6         -478 
 30.8         -479 
 31           -479 
 31.1         -467 
 31.4         -427 
 31.5         -427 
 31.6         -427 
 31.8         -432 
 32           -436 
 32.1         -437 
 32.2         -437 
 32.4         -441 
 32.6         -441 
 32.7         -442 
 32.9         -445 
 33           -447 
 33.1         -448 
 33.2         -449 
 33.4         -452 
 33.5         -453 
 33.7         -454 
 33.9         -456 
 34           -458 
 34.1         -459 
 34.2         -459 
 34.4         -462 
 34.5         -463 
 34.7         -463 
 34.9         -467 
 35           -469 
 35.1         -479 
 35.2         -479 
 35.4         -479 
 35.5         -479 
 35.6         -479 
 35.8         -479 
 35.9         -479 
 36           -479 
 36.1         -479 
 36.2         -479 
 36.4         -479 
 36.5         -479 
 36.6         -426 
 36.7         -409 
 37           -409 
 37.1         -409 
 37.2         -410 
 37.4         -414 
 37.5         -416 
 37.6         -418 
 37.7         -420 
 38           -423 
 38.1         -424 
 38.2         -428 
 38.4         -429 
 38.5         -432 
 38.6         -432 
 38.7         -432 
 38.9         -436 
 39           -436 
 39.2         -438 
 39.4         -440 
 39.5         -442 
 39.6         -443 
 39.7         -443 
 39.9         -446 
 40           -446 
 40.1         -449 
 40.2         -450 
 40.4         -450 
 40.5         -451 
 40.6         -453 
 40.7         -453 
 40.9         -457 
 41           -457 
 41.2         -458 
 41.4         -462 
 41.5         -463 
 41.6         -463 
 41.7         -465 
 41.9         -467 
 42           -468 
 42.1         -470 
 42.2         -480 
 42.4         -480 
 42.5         -480 
 42.6         -480 
 42.7         -480 
 42.9         -480 
 43           -480 
 43.1         -480 
 43.2         -480 
 43.4         -480 
 43.6         -480 
 43.7         -477 
 43.9         -413 
 44           -413 
 44.1         -413 
 44.2         -413 
 44.4         -419 
 44.6         -420 
 44.7         -421 
 44.9         -424 
 45           -426 
 45.1         -428 
 45.2         -429 
 45.4         -432 
 45.5         -432 
 45.6         -434 
 45.8         -435 
 45.9         -436 
 46           -438 
 46.1         -439 
 46.2         -440 
 46.4         -443 
 46.5         -443 
 46.6         -444 
 46.7         -446 
 47           -448 
 47.1         -450 
 47.2         -451 
 47.4         -453 
 47.5         -454 
 47.6         -457 
 47.7         -457 
 48           -460 
 48.1         -460 
 48.2         -462 
 48.4         -463 
 48.5         -464 
 48.6         -467 
 48.7         -467 
 48.9         -480 
 49           -481 
 49.2         -481 
 49.4         -481 
 49.5         -481 
 49.6         -481 
 49.7         -481 
 49.9         -481 
 50           -481 
 50.1         -481 
 50.2         -481 
 50.4         -481 
 50.5         -413 
 50.6         -410 
 50.7         -410 
 50.9         -410 
 51           -411 
 51.2         -413 
 51.4         -417 
 51.5         -419 
 51.6         -420 
 51.7         -421 
 51.9         -425 
 52           -425 
 52.1         -428 
 52.2         -429 
 52.4         -429 
 52.5         -432 
 52.6         -433 
 52.7         -433 
 52.9         -437 
 53           -437 
 53.1         -438 
 53.2         -440 
 53.4         -441 
 53.5         -442 
 53.6         -443 
 53.7         -444 
 53.9         -447 
 54           -449 
 54.1         -451 
 54.2         -451 
 54.4         -454 
 54.6         -454 
 54.7         -455 
 54.9         -458 
 55           -458 
 55.1         -460 
 55.2         -461 
 55.4         -463 
 55.5         -464 
 55.6         -465 
 55.8         -466 
 55.9         -467 
 56           -468 
 56.1         -470 
 56.2         -471 
 56.4         -473 
 56.5         -473 
 56.6         -474 
 56.8         -477 
 56.9         -477 
 57           -477 
 57.1         -479 
 57.2         -479 
 57.5         -433 
 57.6         -432 
 57.7         -432 
 58           -434 
 58.1         -436 
 58.2         -436 
 58.4         -441 
 58.5         -441 
 58.6         -444 
 58.7         -445 
 58.9         -446 
 59           -449 
 59.2         -449 
 59.4         -452 
 59.5         -452 
 59.6         -454 
 59.7         -455 
 60           -457 
 60.1         -459 
 60.2         -462 
 60.4         -463 
 60.5         -465 
 60.6         -466 
 60.7         -466 
 60.9         -470 
 61           -470 
 61.2         -470 
 61.4         -473 
 61.5         -473 
 61.6         -475 
 61.7         -476 
 61.9         -479 
 62           -479 
 62.1         -480 
 62.2         -480 
 62.4         -480 
 62.5         -480 
 62.6         -457 
 62.7         -421 
 62.9         -421 
 63           -421 
 63.1         -422 
 63.2         -424 
 63.4         -428 
 63.5         -430 
 63.6         -432 
 63.7         -433 
 63.9         -436 
 64           -437 
 64.2         -440 
 64.4         -442 
 64.6         -443 
 64.7         -444 
 64.9         -447 
 65.1         -448 
 65.2         -451 
 65.4         -452 
 65.6         -454 
 65.8         -455 
 65.9         -457 
 66.1         -459 
 66.2         -461 
 66.4         -463 
 66.6         -464 
 66.8         -468 
 66.9         -468 
 67.1         -478 
 67.2         -478 
 67.4         -478 
 67.6         -478 
 67.7         -478 
 68           -478 
 68.2         -478 
 68.4         -473 
 68.6         -406 
 68.7         -406 
 68.9         -406 
 69.2         -411 
 69.4         -414 
 69.6         -420 
 69.7         -421 
 70           -424 
 70.2         -427 
 70.4         -430 
 70.6         -432 
 70.7         -433 
 70.9         -434 
 71.2         -437 
 71.4         -441 
 71.6         -442 
 71.7         -443 
 71.9         -445 
 72.1         -448 
 72.2         -449 
 72.4         -450 
 72.6         -452 
 72.7         -454 
 72.9         -457 
 73.1         -458 
 73.2         -461 
 73.4         -461 
 73.6         -463 
 73.7         -464 
 73.9         -466 
 74.1         -468 
 74.2         -470 
 74.4         -480 
 74.6         -480 
 74.7         -480 
 74.9         -480 
 75.1         -480 
 75.2         -480 
 75.4         -480 
 75.7         -480 
 75.9         -416 
 76.1         -416 
 76.2         -416 
 76.4         -421 
 76.6         -422 
 76.7         -422 
 76.9         -427 
 77.1         -429 
 77.2         -431 
 77.4         -432 
 77.6         -435 
 77.8         -436 
 77.9         -438 
 78.1         -440 
 78.2         -442 
 78.4         -444 
 78.6         -445 
 78.7         -448 
 78.9         -449 
 79.1         -452 
 79.2         -452 
 79.4         -456 
 79.6         -457 
 79.7         -459 
 80           -460 
 80.2         -462 
 80.4         -465 
 80.6         -467 
 80.7         -469 
 80.9         -479 
 81.2         -479 
 81.4         -479 
 81.6         -479 
 81.7         -479 
 81.9         -479 
 82.2         -479 
 82.4         -470 
 82.6         -409 
 82.7         -409 
 82.9         -413 
 83.1         -415 
 83.2         -416 
 83.4         -420 
 83.6         -421 
 83.7         -424 
 83.9         -426 
 84.1         -429 
 84.2         -430 
 84.4         -432 
 84.6         -434 
 84.7         -435 
 84.9         -438 
 85.1         -439 
 85.2         -440 
 85.4         -442 
 85.6         -443 
 85.7         -445 
 85.9         -449 
 86.1         -451 
 86.2         -452 
 86.4         -454 
 86.6         -457 
 86.8         -458 
 86.9         -460 
 87.1         -460 
 87.2         -462 
 87.4         -463 
 87.6         -466 
 87.7         -467 
 88           -479 
 88.2         -479 
 88.4         -479 
 88.6         -479 
 88.7         -479 
 89           -479 
 89.2         -479 
 89.4         -479 
 89.6         -411 
 89.7         -411 
 89.9         -412 
 90.2         -416 
 90.4         -419 
 90.6         -421 
 90.7         -424 
 90.9         -426 
 91.1         -430 
 91.2         -430 
 91.4         -431 
 91.6         -434 
 91.7         -435 
 91.9         -437 
 92.1         -440 
 92.2         -441 
 92.4         -442 
 92.6         -446 
 92.7         -448 
 92.9         -448 
 93.1         -452 
 93.2         -452 
 93.4         -455 
 93.6         -455 
 93.7         -456 
 93.9         -458 
 94.1         -461 
 94.2         -462 
 94.4         -464 
 94.6         -467 
 94.8         -467 
 94.9         -479 
 95.1         -479 
 95.2         -479 
 95.4         -479 
 95.6         -479 
 95.8         -479 
 95.9         -479 
 96.1         -479 
 96.2         -479 
 96.4         -417 
 96.6         -417 
 96.7         -417 
 97           -422 
 97.2         -426 
 97.4         -428 
 97.6         -432 
 97.7         -432 
 97.9         -435 
 98.2         -437 
 98.4         -440 
 98.6         -443 
 98.7         -443 
 99           -457 
 99.2         -457 
 99.4         -457 
 99.6         -457 
 99.7         -457 
 99.9         -457 
 100.2        -457 
 100.4         36 
 100.6         36 
 100.7         36 
 100.9        -467 
 101.1        -479 
 101.2        -479 
 101.4        -479 
 101.6        -479 
 101.7        -479 
 101.9        -479 
 102.1        -479 
 102.2        -479 
 102.4        -479 
 102.6        -407 
 102.7        -407 
 102.9        -407 
 103.1        -413 
 103.2        -413 
 103.4        -418 
 103.6        -418 
 103.7        -419 
 103.9        -423 
 104.1        -426 
 104.2        -427 
 104.4        -430 
 104.6        -432 
 104.8        -434 
 104.9        -434 
 105.1        -438 
 105.2        -439 
 105.4        -442 
 105.6        -442 
 105.7        -445 
 105.9        -446 
 106.1        -449 
 106.2        -450 
 106.4        -452 
 106.6        -454 
 106.8        -455 
 106.9        -456 
 107.1        -459 
 107.2        -459 
 107.4        -462 
 107.6        -465 
 107.8        -465 
 107.9        -465 
 108.1        -469 
 108.2        -481 
 108.4        -481 
 108.6        -481 
 108.7        -481 
 109          -481 
 109.2        -481 
 109.4        -481 
 109.6        -427 
 109.7        -409 
 109.9        -409 
 110.2        -411 
 110.4        -415 
 110.6        -418 
 110.7        -419 
 110.9        -423 
 111.2        -426 
 111.4        -428 
 111.6        -432 
 111.7        -432 
 111.9        -436 
 112.1        -438 
 112.2        -439 
 112.4        -440 
 112.6        -443 
 112.7        -444 
 112.9        -446 
 113.1        -449 
 113.2        -450 
 113.4        -452 
 113.6        -453 
 113.7        -453 
 113.9        -456 
 114.1        -458 
 114.2        -460 
 114.5        -461 
 114.7        -465 
 114.9        -467 
 115.1        -469 
 115.2        -480 
 115.4        -480 
 115.6        -480 
 115.7        -480 
 115.9        -480 
 116.1        -480 
 116.2        -480 
 116.4        -480 
 116.6        -480 
 116.8        -449 
 116.9        -409 
 117.1        -409 
 117.2        -409 
 117.4        -414 
 117.6        -416 
 117.8        -420 
 117.9        -421 
 118.1        -425 
 118.2        -426 
 118.4        -429 
 118.6        -432 
 118.7        -433 
 119          -436 
 119.2        -438 
 119.4        -440 
 119.6        -443 
 119.7        -443 
 119.9        -445 
 120.2        -447 
 120.4        -450 
 120.6        -452 
 120.7        -453 
 120.9        -456 
 121.2        -457 
 121.4        -460 
 121.6        -463 
 121.7        -463 
 121.9        -467 
 122.1        -468 
 122.2        -480 
 122.4        -481 
 122.6        -481 
 122.7        -481 
 122.9        -481 
 123.1        -481 
 123.2        -481 
 123.4        -481 
 123.6        -481 
 123.7        -481 
 123.9        -418 
 124.1        -411 
 124.2        -411 
 124.4        -412 
 124.6        -415 
 124.7        -418 
 124.9        -421 
 125.1        -425 
 125.2        -426 
 125.4        -429 
 125.6        -431 
 125.8        -433 
 125.9        -434 
 126.1        -435 
 126.2        -437 
 126.4        -439 
 126.6        -442 
 126.7        -443 
 127          -445 
 127.2        -448 
 127.4        -450 
 127.6        -451 
 127.7        -454 
 128          -456 
 128.2        -458 
 128.3        -459 
 128.5        -462 
 128.7        -464 
 128.8        -465 
 129          -468 
 129.2        -478 
 129.3        -479 
 129.5        -479 
 129.7        -479 
 129.8        -479 
 130          -479 
 130.2        -479 
 130.4        -479 
 130.6        -479 
 130.8        -413 
 131          -413 
 131.2        -416 
 131.4        -420 
 131.6        -424 
 131.8        -425 
 132          -429 
 132.2        -431 
 132.3        -433 
 132.6        -435 
 132.8        -437 
 133          -440 
 133.2        -442 
 133.3        -443 
 133.5        -446 
 133.8        -447 
 134          -451 
 134.2        -452 
 134.3        -454 
 134.5        -455 
 134.8        -459 
 135          -461 
 135.2        -464 
 135.3        -464 
 135.5        -467 
 135.7        -479 
 135.8        -479 
 136          -479 
 136.2        -479 
 136.3        -479 
 136.5        -479 
 136.7        -479 
 136.8        -479 
 137          -479 
 137.2        -479 
 137.3        -453 
 137.5        -419 
 137.7        -419 
 137.8        -423 
 138          -425 
 138.2        -430 
 138.3        -430 
 138.5        -434 
 138.7        -436 
 138.8        -437 
 139          -440 
 139.2        -442 
 139.4        -444 
 139.6        -445 
 139.8        -449 
 140          -450 
 140.2        -452 
 140.3        -453 
 140.6        -456 
 140.8        -459 
 141          -461 
 141.2        -462 
 141.3        -464 
 141.6        -468 
 141.8        -480 
 142          -480 
 142.2        -480 
 142.3        -480 
 142.5        -480 
 142.8        -480 
 143          -480 
 143.2        -480 
 143.3        -457 
 143.5        -413 
 143.7        -413 
 143.8        -413 
 144          -417 
 144.2        -419 
 144.3        -423 
 144.5        -426 
 144.8        -429 
 145          -432 
 145.2        -434 
 145.3        -436 
 145.5        -438 
 145.7        -440 
 145.8        -442 
 146          -443 
 146.2        -444 
 146.3        -446 
 146.5        -448 
 146.7        -450 
 146.8        -451 
 147.1        -453 
 147.3        -456 
 147.5        -458 
 147.7        -462 
 147.8        -463 
 148          -464 
 148.2        -467 
 148.3        -467 
 148.5        -470 
 148.7        -481 
 148.8        -481 
 149          -481 
 149.2        -481 
 149.4        -481 
 149.6        -481 
 149.8        -481 
 150          -481 
 150.2        -410 
 150.3        -410 
 150.5        -410 
 150.7        -411 
 150.8        -413 
 151          -419 
 151.2        -422 
 151.3        -424 
 151.6        -426 
 151.8        -429 
 152          -432 
 152.2        -433 
 152.3        -434 
 152.5        -437 
 152.8        -440 
 153          -442 
 153.2        -444 
 153.3        -445 
 153.5        -447 
 153.7        -451 
 153.9        -451 
 154.1        -454 
 154.3        -454 
 154.5        -458 
 154.7        -461 
 154.8        -462 
 155          -463 
 155.2        -464 
 155.3        -466 
 155.5        -468 
 155.7        -470 
 155.8        -471 
 156          -473 
 156.2        -473 
 156.3        -476 
 156.5        -476 
 156.7        -480 
 156.8        -480 
 157          -480 
 157.2        -480 
 157.3        -466 
 157.5        -423 
 157.7        -423 
 157.8        -427 
 158          -429 
 158.2        -433 
 158.4        -433 
 158.6        -437 
 158.8        -439 
 159          -442 
 159.2        -444 
 159.3        -445 
 159.6        -448 
 159.8        -450 
 160          -452 
 160.2        -455 
 160.3        -455 
 160.6        -459 
 160.8        -459 
 161          -462 
 161.2        -465 
 161.3        -466 
 161.5        -468 
 161.8        -471 
 162          -472 
 162.2        -474 
 162.3        -475 
 162.5        -478 
 162.7        -479 
 162.9        -479 
 163.1        -479 
 163.3        -443 
 163.5        -443 
 163.7        -447 
 163.8        -448 
 164          -448 
 164.2        -452 
 164.3        -452 
 164.5        -456 
 164.7        -460 
 164.8        -460 
 165          -462 
 165.2        -463 
 165.3        -465 
 165.5        -467 
 165.7        -470 
 165.8        -480 
 166          -480 
 166.3        -480 
 166.5        -480 
 166.7        -480 
 166.8        -480 
 167          -480 
 167.2        -471 
 167.4        -428 
 167.6        -411 
 167.8        -411 
 168          -417 
 168.2        -421 
 168.3        -422 
 168.5        -422 
 168.7        -426 
 168.8        -427 
 169          -430 
 169.2        -432 
 169.3        -434 
 169.5        -437 
 169.7        -438 
 169.8        -439 
 170          -442 
 170.2        -444 
 170.3        -445 
 170.5        -448 
 170.7        -449 
 170.8        -449 
 171          -452 
 171.2        -453 
 171.3        -455 
 171.5        -458 
 171.7        -460 
 171.9        -462 
 172.1        -463 
 172.3        -465 
 172.5        -468 
 172.7        -479 
 172.8        -479 
 173.1        -479 
 173.3        -479 
 173.5        -479 
 173.7        -479 
 173.8        -479 
 174.1        -479 
 174.3        -412 
 174.5        -380 
 174.7        -385 
 174.8        -386 
 175          -390 
 175.3        -393 
 175.5        -396 
 175.7        -400 
 175.8        -401 
 176          -404 
 176.2        -406 
 176.3        -409 
 176.5        -410 
 176.7        -411 
 176.8        -413 
 177          -415 
 177.2        -418 
 177.3        -419 
 177.5        -421 
 177.7        -422 
 177.8        -424 
 178          -427 
 178.2        -430 
 178.3        -431 
 178.5        -432 
 178.7        -434 
 178.8        -434 
 179          -438 
 179.2        -439 
 179.3        -440 
 179.5        -442 
 179.7        -444 
 179.9        -446 
 180.1        -448 
 180.3        -451 
 180.5        -451 
 180.7        -454 
 180.9        -454 
 181.1        -457 
 181.3        -459 
 181.5        -462 
 181.7        -464 
 181.8        -465 
 182.1        -467 
 182.3        -470 
 182.5        -473 
 182.7        -473 
 182.8        -474 
 183          -476 
 183.3        -479 
 183.5        -480 
 183.7        -480 
 183.8        -474 
 184          -445 
 184.3        -445 
 184.5        -448 
 184.7        -450 
 184.8        -453 
 185          -454 
 185.2        -457 
 185.3        -458 
 185.5        -460 
 185.7        -462 
 185.8        -463 
 186          -465 
 186.2        -468 
 186.3        -480 
 186.5        -480 
 186.7        -480 
 186.8        -480 
 187          -480 
 187.2        -480 
 187.3        -480 
 187.5        -480 
 187.7        -480 
 187.8        -480 
 188          -411 
 188.2        -411 
 188.3        -413 
 188.5        -415 
 188.7        -420 
 188.9        -420 
 189.1        -424 
 189.3        -426 
 189.5        -429 
 189.7        -432 
 189.8        -432 
 190.1        -436 
 190.3        -438 
 190.5        -440 
 190.7        -443 
 190.9        -443 
 191.1        -447 
 191.3        -449 
 191.5        -451 
 191.7        -453 
 191.8        -454 
 192.1        -456 
 192.3        -460 
 192.5        -462 
 192.7        -463 
 192.8        -463 
 193          -466 
 193.3        -468 
 193.5        -479 
 193.7        -479 
 193.8        -479 
 194          -479 
 194.3        -479 
 194.5        -479 
 194.7        -479 
 194.8        -458 
 195          -415 
 195.2        -415 
 195.3        -415 
 195.5        -417 
 195.7        -421 
 195.8        -422 
 196          -426 
 196.2        -429 
 196.3        -429 
 196.5        -433 
 196.7        -433 
 196.8        -436 
 197          -437 
 197.2        -441 
 197.3        -442 
 197.5        -443 
 197.7        -445 
 197.8        -447 
 198          -449 
 198.2        -451 
 198.3        -452 
 198.5        -454 
 198.7        -454 
 198.8        -457 
 199          -458 
 199.2        -461 
 199.3        -462 
 199.5        -464 
 199.7        -467 
 199.9        -468 
 200.1        -470 
 200.3        -480 
 200.5        -480 
 200.7        -480 
 200.9        -480 
 201.1        -480 
 201.3        -480 
 201.5        -480 
 201.7        -420 
 201.8        -416 
 202.1        -416 
 202.3        -418 
 202.5        -420 
 202.7        -424 
 202.8        -425 
 203          -429 
 203.3        -431 
 203.5        -433 
 203.7        -436 
 203.8        -438 
 204          -441 
 204.3        -444 
 204.5        -446 
 204.7        -448 
 204.8        -448 
 205          -451 
 205.2        -454 
 205.3        -454 
 205.5        -455 
 205.7        -458 
 205.8        -459 
 206          -461 
 206.2        -464 
 206.3        -464 
 206.6        -467 
 206.8        -471 
 207          -480 
 207.2        -480 
 207.3        -480 
 207.5        -480 
 207.7        -480 
 207.8        -480 
 208          -480 
 208.2        -480 
 208.3        -480 
 208.5        -411 
 208.7        -411 
 208.8        -411 
 209          -411 
 209.2        -417 
 209.3        -417 
 209.5        -422 
 209.7        -422 
 209.8        -423 
 210          -428 
 210.2        -431 
 210.3        -432 
 210.5        -434 
 210.7        -437 
 210.9        -438 
 211.1        -441 
 211.3        -442 
 211.5        -445 
 211.7        -447 
 211.8        -448 
 212.1        -451 
 212.3        -452 
 212.5        -455 
 212.7        -458 
 212.8        -459 
 213.1        -461 
 213.3        -462 
 213.5        -465 
 213.7        -468 
 213.8        -480 
 214          -480 
 214.3        -480 
 214.5        -480 
 214.7        -480 
 214.8        -480 
 215          -480 
 215.2        -480 
 215.3        -446 
 215.5        -406 
 215.7        -406 
 215.8        -406 
 216          -410 
 216.2        -414 
 216.3        -416 
 216.5        -417 
 216.7        -421 
 216.8        -423 
 217          -425 
 217.2        -429 
 217.3        -429 
 217.5        -433 
 217.7        -433 
 217.8        -434 
 218          -437 
 218.2        -439 
 218.3        -440 
 218.5        -443 
 218.7        -445 
 218.9        -446 
 219.1        -447 
 219.3        -451 
 219.5        -452 
 219.7        -454 
 219.9        -455 
 220.1        -459 
 220.3        -461 
 220.5        -463 
 220.7        -465 
 220.8        -467 
 221.1        -469 
 221.3        -480 
 221.5        -480 
 221.7        -480 
 221.8        -480 
 222          -480 
 222.3        -480 
 222.5        -480 
 222.7        -475 
 222.8        -434 
 223          -404 
 223.3        -404 
 223.5        -410 
 223.7        -413 
 223.8        -415 
 224          -418 
 224.2        -421 
 224.3        -422 
 224.5        -423 
 224.7        -427 
 224.8        -428 
 225          -431 
 225.2        -432 
 225.3        -435 
 225.5        -435 
 225.7        -437 
 225.8        -439 
 226          -441 
 226.2        -442 
 226.3        -444 
 226.5        -446 
 226.7        -448 
 226.8        -449 
 227          -452 
 227.2        -454 
 227.3        -455 
 227.5        -456 
 227.7        -459 
 227.9        -460 
 228.1        -462 
 228.3        -465 
 228.5        -466 
 228.7        -478 
 228.8        -479 
 229.1        -479 
 229.3        -479 
 229.5        -479 
 229.7        -479 
 229.8        -479 
 230.1        -479 
 230.3        -409 
 230.5        -409 
 230.7        -411 
 230.8        -414 
 231          -416 
 231.3        -421 
 231.5        -424 
 231.7        -425 
 231.8        -427 
 232          -430 
 232.2        -433 
 232.3        -433 
 232.5        -435 
 232.7        -437 
 232.8        -439 
 233          -440 
 233.2        -443 
 233.3        -443 
 233.5        -446 
 233.7        -448 
 233.8        -450 
 234          -452 
 234.2        -454 
 234.3        -455 
 234.5        -457 
 234.7        -459 
 234.8        -460 
 235          -462 
 235.2        -463 
 235.3        -464 
 235.5        -467 
 235.7        -470 
 235.9        -480 
 236.1        -480 
 236.3        -480 
 236.5        -480 
 236.7        -480 
 236.9        -480 
 237.1        -480 
 237.3        -450 
 237.5        -411 
 237.7        -411 
 237.8        -412 
 238.1        -417 
 238.3        -420 
 238.5        -423 
 238.7        -426 
 238.8        -427 
 239          -430 
 239.2        -431 
 239.3        -433 
 239.5        -434 
 239.7        -438 
 239.8        -438 
 240          -441 
 240.3        -442 
 240.5        -446 
 240.7        -448 
 240.8        -450 
 241          -452 
 241.2        -455 
 241.3        -455 
 241.5        -455 
 241.7        -458 
 241.8        -459 
 242          -462 
 242.2        -464 
 242.3        -465 
 242.6        -467 
 242.8        -469 
 243          -471 
 243.2        -474 
 243.3        -474 
 243.5        -477 
 243.7        -477 
 243.8        -480 
 244          -480 
 244.2        -480 
 244.3        -478 
 244.5        -442 
 244.8        -442 
 245          -444 
 245.2        -447 
 245.3        -447 
 245.5        -451 
 245.7        -452 
 245.8        -455 
 246          -455 
 246.2        -458 
 246.3        -458 
 246.5        -461 
 246.7        -463 
 246.8        -465 
 247          -465 
 247.2        -468 
 247.3        -479 
 247.5        -479 
 247.7        -479 
 247.8        -479 
 248          -479 
 248.2        -479 
 248.3        -479 
 248.5        -479 
 248.7        -474 
 248.8        -434 
 249          -412 
 249.2        -412 
 249.4        -414 
 249.6        -416 
 249.8        -421 
 250          -423 
 250.2        -426 
 250.4        -427 
 250.6        -432 
 250.8        -434 
 251          -437 
 251.2        -439 
 251.3        -441 
 251.6        -443 
 251.8        -444 
 252          -447 
 252.2        -449 
 252.3        -451 
 252.5        -452 
 252.8        -454 
 253          -457 
 253.2        -459 
 253.3        -461 
 253.5        -462 
 253.8        -463 
 254          -467 
 254.2        -470 
 254.3        -481 
 254.5        -481 
 254.7        -481 
 254.8        -481 
 255          -481 
 255.2        -481 
 255.3        -481 
 255.5        -481 
 255.7        -481 
 255.8        -438 
 256          -405 
 256.2        -405 
 256.3        -405 
 256.5        -409 
 256.6        -411 
 256.8        -414 
 257          -417 
 257.2        -421 
 257.3        -421 
 257.5        -425 
 257.6        -425 
 257.8        -429 
 258          -430 
 258.1        -432 
 258.4        -434 
 258.5        -436 
 258.6        -436 
 258.8        -439 
 259          -442 
 259.1        -443 
 259.3        -445 
 259.6        -446 
 259.8        -450 
 260          -450 
 260.1        -453 
 260.3        -454 
 260.6        -457 
 260.8        -460 
 261          -462 
 261.1        -463 
 261.3        -466 
 261.5        -468 
 261.6        -469 
 261.8        -469 
 262          -479 
 262.1        -479 
 262.3        -479 
 262.5        -479 
 262.6        -479 
 262.8        -479 
 263          -479 
 263.1        -479 
 263.3        -476 
 263.5        -409 
 263.6        -409 
 263.8        -409 
 264          -414 
 264.1        -415 
 264.3        -420 
 264.5        -422 
 264.6        -424 
 264.8        -426 
 265          -428 
 265.1        -429 
 265.3        -432 
 265.5        -434 
 265.6        -435 
 265.8        -438 
 266          -439 
 266.2        -440 
 266.3        -442 
 266.5        -443 
 266.6        -445 
 266.8        -448 
 267          -451 
 267.2        -452 
 267.3        -452 
 267.5        -455 
 267.6        -456 
 267.8        -459 
 268          -460 
 268.1        -462 
 268.4        -463 
 268.5        -464 
 268.6        -465 
 268.8        -467 
 269          -481 
 269.1        -481 
 269.3        -481 
 269.6        -481 
 269.8        -481 
 270          -481 
 270.1        -481 
 270.3        -481 
 270.6        -413 
 270.8        -413 
 271          -415 
 271.1        -417 
 271.3        -421 
 271.5        -423 
 271.6        -426 
 271.8        -427 
 272          -428 
 272.1        -431 
 272.3        -432 
 272.5        -435 
 272.6        -436 
 272.9        -439 
 273          -440 
 273.1        -442 
 273.3        -443 
 273.5        -447 
 273.6        -449 
 273.8        -450 
 274          -452 
 274.1        -452 
 274.3        -456 
 274.5        -456 
 274.6        -458 
 274.8        -460 
 275          -462 
 275.2        -463 
 275.3        -464 
 275.5        -466 
 275.6        -468 
 275.8        -480 
 276          -480 
 276.1        -480 
 276.3        -480 
 276.5        -480 
 276.6        -480 
 276.8        -480 
 277          -480 
 277.1        -480 
 277.4        -411 
 277.5        -411 
 277.6        -411 
 277.8        -414 
 278          -417 
 278.1        -418 
 278.3        -421 
 278.6        -426 
 278.8        -427 
 279          -430 
 279.1        -431 
 279.3        -433 
 279.5        -437 
 279.7        -437 
 279.8        -439 
 280          -441 
 280.1        -441 
 280.3        -445 
 280.5        -448 
 280.6        -448 
 280.8        -450 
 281          -452 
 281.1        -453 
 281.3        -455 
 281.5        -458 
 281.6        -459 
 281.8        -461 
 282          -461 
 282.1        -463 
 282.3        -464 
 282.5        -467 
 282.6        -468 
 282.8        -480 
 283.1        -480 
 283.3        -480 
 283.5        -480 
 283.6        -480 
 283.8        -480 
 284          -480 
 284.2        -480 
 284.3        -478 
 284.5        -413 
 284.6        -413 
 284.8        -414 
 285          -418 
 285.1        -420 
 285.4        -423 
 285.5        -424 
 285.6        -426 
 285.8        -428 
 286          -432 
 286.1        -432 
 286.4        -436 
 286.5        -436 
 286.6        -437 
 286.8        -440 
 287          -443 
 287.1        -444 
 287.3        -447 
 287.6        -450 
 287.8        -452 
 288          -453 
 288.1        -453 
 288.3        -457 
 288.5        -458 
 288.6        -460 
 288.8        -460 
 289          -463 
 289.1        -463 
 289.3        -466 
 289.5        -468 
 289.6        -470 
 289.8        -480 
 290          -480 
 290.1        -480 
 290.3        -480 
 290.5        -480 
 290.6        -480 
 290.8        -480 
 291          -480 
 291.1        -480 
 291.3        -420 
 291.5        -420 
 291.6        -420 
 291.8        -425 
 292.1        -428 
 292.3        -431 
 292.5        -434 
 292.6        -434 
 292.8        -437 
 293          -439 
 293.2        -441 
 293.3        -442 
 293.5        -445 
 293.6        -446 
 293.8        -449 
 294          -452 
 294.1        -453 
 294.4        -455 
 294.5        -456 
 294.6        -456 
 294.8        -459 
 295          -461 
 295.1        -462 
 295.3        -464 
 295.5        -465 
 295.6        -466 
 295.8        -469 
 296          -480 
 296.1        -480 
 296.3        -480 
 296.5        -480 
 296.6        -480 
 296.8        -480 
 297          -480 
 297.1        -480 
 297.3        -460 
 297.6        -411 
 297.8        -411 
 298          -417 
 298.1        -418 
 298.3        -422 
 298.5        -423 
 298.6        -427 
 298.8        -427 
 299          -429 
 299.1        -431 
 299.3        -433 
 299.5        -436 
 299.6        -437 
 299.8        -438 
 300          -442 
 300.1        -442 
 300.3        -445 
 300.5        -449 
 300.6        -449 
 300.8        -451 
 301          -452 
 301.1        -452 
 301.3        -455 
 301.5        -457 
 301.6        -459 
 301.8        -461 
 302          -462 
 302.2        -464 
 302.3        -465 
 302.5        -467 
 302.6        -468 
 302.8        -479 
 303          -479 
 303.1        -479 
 303.3        -479 
 303.5        -479 
 303.6        -479 
 303.8        -479 
 304          -479 
 304.2        -466 
 304.3        -421 
 304.5        -411 
 304.6        -411 
 304.8        -416 
 305          -417 
 305.1        -419 
 305.4        -422 
 305.5        -424 
 305.6        -426 
 305.8        -429 
 306          -433 
 306.1        -433 
 306.4        -437 
 306.5        -437 
 306.6        -438 
 306.8        -441 
 307          -442 
 307.1        -444 
 307.3        -446 
 307.6        -448 
 307.8        -451 
 308          -453 
 308.1        -454 
 308.3        -457 
 308.5        -458 
 308.6        -458 
 308.8        -461 
 309          -462 
 309.1        -464 
 309.3        -465 
 309.5        -469 
 309.6        -470 
 309.8        -481 
 310          -481 
 310.1        -481 
 310.3        -481 
 310.5        -481 
 310.6        -481 
 310.8        -481 
 311          -481 
 311.1        -481 
 311.3        -457 
 311.5        -412 
 311.6        -412 
 311.8        -415 
 312          -419 
 312.2        -421 
 312.3        -422 
 312.5        -424 
 312.6        -427 
 312.8        -432 
 313          -432 
 313.2        -434 
 313.3        -436 
 313.5        -438 
 313.6        -439 
 313.8        -442 
 314          -443 
 314.1        -445 
 314.4        -446 
 314.5        -449 
 314.6        -450 
 314.8        -451 
 315          -453 
 315.1        -454 
 315.3        -456 
 315.5        -457 
 315.6        -459 
 315.8        -461 
 316          -462 
 316.1        -464 
 316.3        -468 
 316.6        -469 
 316.8        -480 
 317          -480 
 317.1        -480 
 317.3        -480 
 317.5        -480 
 317.6        -480 
 317.8        -480 
 318          -480 
 318.1        -469 
 318.3        -412 
 318.5        -412 
 318.6        -412 
 318.9        -417 
 319          -418 
 319.1        -420 
 319.3        -423 
 319.5        -427 
 319.6        -429 
 319.8        -432 
 320          -433 
 320.1        -434 
 320.3        -437 
 320.5        -438 
 320.6        -441 
 320.8        -442 
 321.1        -445 
 321.3        -446 
 321.5        -449 
 321.6        -450 
 321.8        -452 
 322          -454 
 322.1        -455 
 322.3        -457 
 322.5        -460 
 322.6        -462 
 322.8        -462 
 323          -465 
 323.2        -466 
 323.3        -467 
 323.5        -469 
 323.6        -471 
 323.8        -472 
 324          -474 
 324.1        -475 
 324.4        -477 
 324.5        -478 
 324.6        -480 
 324.8        -481 
 325          -481 
 325.1        -481 
 325.4        -427 
 325.5        -427 
 325.6        -427 
 325.8        -430 
 326          -433 
 326.1        -435 
 326.3        -437 
 326.6        -441 
 326.8        -443 
 327          -444 
 327.1        -445 
 327.3        -448 
 327.5        -452 
 327.6        -452 
 327.8        -452 
 328          -455 
 328.1        -456 
 328.3        -458 
 328.5        -461 
 328.6        -462 
 328.8        -463 
 329          -465 
 329.1        -468 
 329.3        -469 
 329.5        -471 
 329.6        -472 
 329.8        -474 
 330          -475 
 330.1        -477 
 330.3        -479 
 330.5        -479 
 330.6        -479 
 330.8        -447 
 331.1        -440 
 331.3        -440 
 331.5        -444 
 331.6        -444 
 331.8        -448 
 332          -451 
 332.2        -452 
 332.3        -452 
 332.5        -456 
 332.6        -458 
 332.8        -460 
 333          -463 
 333.1        -463 
 333.3        -464 
 333.5        -466 
 333.6        -467 
 333.8        -481 
 334          -481 
 334.1        -481 
 334.3        -481 
 334.5        -481 
 334.6        -481 
 334.8        -481 
 335          -481 
 335.1        -481 
 335.3        -437 
 335.6        -415 
 335.8        -415 
 336          -421 
 336.1        -423 
 336.3        -426 
 336.5        -429 
 336.7        -430 
 336.8        -431 
 337          -434 
 337.1        -434 
 337.3        -438 
 337.5        -440 
 337.6        -442 
 337.9        -443 
 338          -445 
 338.1        -446 
 338.3        -448 
 338.5        -451 
 338.6        -452 
 338.9        -454 
 339          -455 
 339.1        -455 
 339.3        -459 
 339.5        -462 
 339.6        -462 
 339.8        -465 
 340.1        -466 
 340.3        -469 
 340.5        -480 
 340.6        -480 
 340.8        -480 
 341          -480 
 341.1        -480 
 341.3        -480 
 341.5        -480 
 341.6        -480 
 341.8        -480 
 342          -414 
 342.2        -414 
 342.3        -416 
 342.5        -420 
 342.6        -421 
 342.8        -424 
 343          -428 
 343.1        -429 
 343.4        -432 
 343.5        -433 
 343.6        -433 
 343.8        -437 
 344          -439 
 344.1        -440 
 344.3        -442 
 344.5        -443 
 344.6        -444 
 344.8        -447 
 345          -450 
 345.1        -451 
 345.3        -454 
 345.6        -455 
 345.8        -457 
 346          -460 
 346.1        -461 
 346.3        -463 
 346.5        -465 
 346.7        -466 
 346.8        -466 
 347          -469 
 347.1        -470 
 347.3        -473 
 347.5        -473 
 347.6        -475 
 347.9        -476 
 348          -478 
 348.1        -479 
 348.3        -480 
 348.5        -480 
 348.6        -465 
 348.9        -428 
 349          -428 
 349.1        -428 
 349.3        -432 
 349.5        -434 
 349.6        -437 
 349.8        -439 
 350.1        -441 
 350.3        -444 
 350.5        -447 
 350.6        -448 
 350.8        -451 
 351          -452 
 351.1        -454 
 351.3        -455 
 351.5        -456 
 351.6        -458 
 351.8        -462 
 352          -463 
 352.2        -464 
 352.3        -465 
 352.5        -468 
 352.6        -468 
 352.8        -481 
 353          -481 
 353.1        -481 
 353.4        -481 
 353.5        -481 
 353.6        -481 
 353.8        -481 
 354          -481 
 354.1        -481 
 354.4        -413 
 354.5        -413 
 354.6        -413 
 354.8        -416 
 355          -421 
 355.1        -422 
 355.3        -426 
 355.6        -427 
 355.8        -431 
 356          -433 
 356.1        -434 
 356.3        -437 
 356.5        -439 
 356.7        -441 
 356.8        -442 
 357          -444 
 357.1        -445 
 357.3        -448 
 357.5        -449 
 357.7        -450 
 357.8        -452 
 358          -455 
 358.1        -455 
 358.3        -458 
 358.5        -460 
 358.6        -462 
 358.8        -462 
 359          -465 
 359.1        -465 
 359.3        -468 
 359.5        -469 
 359.6        -471 
 359.8        -480 
 360          -480 
 360.1        -480 
 360.3        -480 
 360.5        -480 
 360.6        -480 
 360.8        -480 
 361          -480 
 361.1        -467 
 361.3        -418 
 361.5        -418 
 361.6        -418 
 361.8        -421 
 362          -425 
 362.2        -427 
 362.3        -429 
 362.5        -431 
 362.6        -432 
 362.8        -435 
 363          -436 
 363.1        -439 
 363.4        -440 
 363.5        -443 
 363.6        -443 
 363.8        -445 
 364          -447 
 364.1        -449 
 364.4        -451 
 364.5        -453 
 364.6        -454 
 364.8        -457 
 365          -460 
 365.1        -461 
 365.3        -463 
 365.6        -464 
 365.8        -467 
 366          -468 
 366.1        -470 
 366.3        -480 
 366.5        -480 
 366.6        -480 
 366.8        -480 
 367          -480 
 367.1        -480 
 367.3        -480 
 367.5        -480 
 367.6        -480 
 367.8        -433 
 368          -419 
 368.1        -419 
 368.3        -422 
 368.5        -426 
 368.6        -428 
 368.8        -431 
 369          -432 
 369.1        -433 
 369.3        -436 
 369.5        -437 
 369.6        -440 
 369.8        -441 
 370.1        -444 
 370.3        -446 
 370.5        -448 
 370.6        -450 
 370.8        -452 
 371          -454 
 371.2        -454 
 371.3        -458 
 371.5        -459 
 371.6        -461 
 371.8        -462 
 372          -464 
 372.1        -465 
 372.3        -467 
 372.5        -469 
 372.6        -470 
 372.8        -480 
 373          -480 
 373.1        -480 
 373.3        -480 
 373.5        -480 
 373.6        -480 
 373.8        -480 
 374          -480 
 374.1        -480 
 374.3        -412 
 374.6        -412 
 374.8        -417 
 375          -420 
 375.1        -422 
 375.3        -423 
 375.5        -428 
 375.7        -428 
 375.8        -431 
 376          -432 
 376.1        -433 
 376.3        -435 
 376.5        -438 
 376.6        -439 
 376.9        -442 
 377          -442 
 377.1        -444 
 377.3        -445 
 377.5        -449 
 377.6        -449 
 377.9        -452 
 378          -453 
 378.1        -455 
 378.3        -457 
 378.5        -459 
 378.6        -460 
 378.8        -462 
 379.1        -465 
 379.3        -466 
 379.5        -468 
 379.6        -468 
 379.8        -471 
 380          -474 
 380.1        -474 
 380.3        -475 
 380.5        -477 
 380.6        -478 
 380.8        -481 
 381          -481 
 381.1        -481 
 381.3        -472 
 381.5        -422 
 381.6        -422 
 381.8        -423 
 382          -428 
 382.1        -428 
 382.3        -432 
 382.5        -433 
 382.6        -434 
 382.8        -437 
 383          -440 
 383.1        -441 
 383.3        -443 
 383.5        -446 
 383.7        -447 
 383.8        -447 
 384          -451 
 384.1        -451 
 384.3        -454 
 384.5        -455 
 384.7        -458 
 384.8        -459 
 385          -461 
 385.2        -462 
 385.3        -464 
 385.5        -467 
 385.6        -467 
 385.8        -470 
 386.1        -471 
 386.3        -473 
 386.5        -475 
 386.6        -476 
 386.8        -479 
 387          -480 
 387.1        -480 
 387.3        -480 
 387.5        -458 
 387.6        -448 
 387.8        -448 
 388          -449 
 388.1        -450 
 388.3        -452 
 388.5        -454 
 388.6        -456 
 388.8        -460 
 389          -462 
 389.1        -463 
 389.3        -466 
 389.5        -467 
 389.6        -467 
 389.8        -470 
 390          -471 
 390.1        -473 
 390.3        -474 
 390.5        -477 
 390.7        -478 
 390.8        -480 
 391          -480 
 391.1        -480 
 391.3        -471 
 391.5        -423 
 391.7        -423 
 391.8        -423 
 392          -428 
 392.1        -429 
 392.3        -432 
 392.5        -434 
 392.6        -436 
 392.9        -438 
 393          -440 
 393.1        -441 
 393.3        -444 
 393.5        -445 
 393.6        -448 
 393.8        -449 
 394          -452 
 394.1        -452 
 394.3        -453 
 394.5        -456 
 394.6        -457 
 394.9        -461 
 395          -462 
 395.1        -462 
 395.3        -465 
 395.5        -467 
 395.6        -468 
 395.8        -479 
 396.1        -479 
 396.3        -479 
 396.5        -479 
 396.6        -479 
 396.8        -479 
 397          -479 
 397.1        -479 
 397.3        -472 
 397.5        -414 
 397.6        -414 
 397.8        -414 
 398          -417 
 398.1        -421 
 398.3        -421 
 398.5        -424 
 398.6        -426 
 398.8        -429 
 399          -431 
 399.1        -432 
 399.3        -435 
 399.5        -436 
 399.6        -437 
 399.8        -440 
 400          -441 
 400.1        -444 
 400.3        -444 
 400.5        -448 
 400.7        -448 
 400.8        -450 
 401          -452 
 401.1        -453 
 401.3        -455 
 401.5        -458 
 401.7        -460 
 401.8        -461 
 402          -463 
 402.1        -463 
 402.3        -464 
 402.5        -467 
 402.6        -468 
 402.9        -480 
 403          -480 
 403.1        -480 
 403.3        -480 
 403.5        -480 
 403.6        -480 
 403.9        -480 
 404          -480 
 404.1        -480 
 404.4        -436 
 404.5        -413 
 404.6        -413 
 404.8        -413 
 405          -417 
 405.1        -419 
 405.4        -422 
 405.5        -425 
 405.6        -427 
 405.8        -428 
 406          -432 
 406.1        -432 
 406.4        -435 
 406.5        -436 
 406.6        -437 
 406.8        -440 
 407          -442 
 407.1        -443 
 407.3        -446 
 407.6        -449 
 407.8        -450 
 408          -453 
 408.1        -453 
 408.3        -456 
 408.6        -457 
 408.8        -459 
 409          -462 
 409.1        -463 
 409.3        -466 
 409.5        -468 
 409.6        -469 
 409.8        -479 
 410          -479 
 410.1        -479 
 410.3        -479 
 410.5        -479 
 410.6        -479 
 410.8        -479 
 411          -479 
 411.1        -479 
 411.3        -447 
 411.5        -412 
 411.6        -412 
 411.8        -414 
 412          -415 
 412.1        -416 
 412.3        -421 
 412.5        -425 
 412.6        -425 
 412.8        -429 
 413          -431 
 413.2        -432 
 413.3        -433 
 413.5        -436 
 413.6        -437 
 413.8        -440 
 414          -442 
 414.1        -443 
 414.4        -444 
 414.5        -447 
 414.6        -447 
 414.8        -450 
 415          -451 
 415.1        -453 
 415.4        -455 
 415.5        -456 
 415.6        -458 
 415.8        -460 
 416          -463 
 416.1        -463 
 416.3        -466 
 416.6        -467 
 416.8        -470 
 417          -480 
 417.1        -480 
 417.3        -480 
 417.5        -480 
 417.6        -480 
 417.8        -480 
 418          -480 
 418.1        -480 
 418.3        -466 
 418.5        -412 
 418.6        -412 
 418.8        -412 
 419          -417 
 419.1        -418 
 419.3        -421 
 419.5        -425 
 419.6        -426 
 419.8        -429 
 420          -431 
 420.1        -431 
 420.3        -434 
 420.5        -435 
 420.6        -438 
 420.8        -439 
 421          -442 
 421.2        -443 
 421.3        -444 
 421.5        -446 
 421.6        -448 
 421.8        -450 
 422          -452 
 422.2        -453 
 422.3        -454 
 422.5        -458 
 422.6        -458 
 422.8        -460 
 423          -462 
 423.1        -463 
 423.4        -465 
 423.5        -467 
 423.6        -468 
 423.8        -471 
 424          -480 
 424.1        -480 
 424.3        -480 
 424.6        -480 
 424.8        -480 
 425          -480 
 425.1        -480 
 425.3        -480 
 425.6        -426 
 425.8        -417 
 426          -421 
 426.1        -422 
 426.3        -426 
 426.5        -428 
 426.6        -429 
 426.8        -432 
 427          -433 
 427.1        -436 
 427.3        -437 
 427.5        -440 
 427.6        -441 
 427.8        -443 
 428          -445 
 428.1        -446 
 428.3        -448 
 428.5        -450 
 428.6        -450 
 428.8        -453 
 429          -453 
 429.1        -456 
 429.3        -459 
 429.5        -461 
 429.6        -462 
 429.8        -464 
 430          -466 
 430.2        -466 
 430.3        -469 
 430.5        -480 
 430.6        -480 
 430.8        -480 
 431          -480 
 431.1        -480 
 431.4        -480 
 431.5        -480 
 431.6        -480 
 431.8        -480 
 432          -412 
 432.2        -412 
 432.3        -412 
 432.5        -417 
 432.6        -418 
 432.8        -420 
 433          -423 
 433.1        -425 
 433.4        -428 
 433.5        -429 
 433.6        -431 
 433.8        -433 
 434          -435 
 434.1        -437 
 434.3        -438 
 434.6        -442 
 434.8        -442 
 435          -445 
 435.1        -446 
 435.3        -449 
 435.6        -452 
 435.8        -454 
 436          -456 
 436.1        -458 
 436.3        -458 
 436.5        -462 
 436.6        -462 
 436.8        -464 
 437          -465 
 437.1        -466 
 437.3        -468 
 437.5        -480 
 437.6        -480 
 437.8        -480 
 438          -479 
 438.1        -479 
 438.3        -479 
 438.5        -479 
 438.6        -479 
 438.8        -479 
 439          -479 
 439.1        -412 
 439.3        -412 
 439.5        -415 
 439.6        -417 
 439.8        -421 
 440          -424 
 440.2        -424 
 440.3        -427 
 440.5        -429 
 440.6        -429 
 440.8        -432 
 441          -436 
 441.1        -436 
 441.4        -439 
 441.5        -440 
 441.6        -441 
 441.8        -443 
 442          -446 
 442.1        -448 
 442.4        -450 
 442.5        -450 
 442.6        -453 
 442.8        -453 
 443          -456 
 443.1        -457 
 443.3        -460 
 443.6        -462 
 443.8        -463 
 444          -466 
 444.1        -466 
 444.3        -469 
 444.5        -471 
 444.7        -472 
 444.8        -472 
 445          -475 
 445.1        -475 
 445.3        -478 
 445.5        -480 
 445.6        -480 
 445.8        -480 
 446          -431 
 446.1        -431 
 446.3        -431 
 446.5        -435 
 446.6        -436 
 446.8        -440 
 447          -440 
 447.1        -441 
 447.3        -444 
 447.5        -447 
 447.6        -448 
 447.8        -451 
 448.1        -452 
 448.3        -454 
 448.5        -457 
 448.6        -458 
 448.8        -461 
 449          -464 
 449.2        -464 
 449.3        -465 
 449.5        -468 
 449.6        -468 
 449.8        -480 
 450          -480 
 450.1        -480 
 450.3        -480 
 450.5        -480 
 450.6        -480 
 450.8        -480 
 451          -480 
 451.1        -480 
 451.3        -476 
 451.5        -411 
 451.6        -411 
 451.8        -411 
 452          -416 
 452.1        -418 
 452.3        -422 
 452.5        -423 
 452.6        -426 
 452.8        -427 
 453          -432 
 453.1        -432 
 453.3        -435 
 453.5        -436 
 453.7        -438 
 453.8        -439 
 454          -442 
 454.1        -442 
 454.3        -445 
 454.5        -447 
 454.6        -448 
 454.9        -449 
 455          -452 
 455.1        -452 
 455.3        -454 
 455.5        -457 
 455.6        -459 
 455.9        -461 
 456          -462 
 456.1        -462 
 456.3        -465 
 456.5        -468 
 456.6        -468 
 456.8        -471 
 457.1        -481 
 457.3        -481 
 457.5        -481 
 457.6        -481 
 457.8        -481 
 458          -481 
 458.1        -481 
 458.3        -481 
 458.5        -452 
 458.6        -415 
 458.8        -415 
 459          -417 
 459.1        -421 
 459.3        -421 
 459.5        -424 
 459.6        -426 
 459.8        -429 
 460          -431 
 460.1        -433 
 460.3        -435 
 460.5        -437 
 460.6        -437 
 460.8        -441 
 461          -442 
 461.1        -444 
 461.3        -445 
 461.5        -448 
 461.7        -449 
 461.8        -450 
 462          -452 
 462.1        -454 
 462.3        -457 
 462.5        -458 
 462.7        -461 
 462.8        -461 
 463          -464 
 463.1        -464 
 463.3        -466 
 463.5        -468 
 463.6        -469 
 463.9        -482 
 464          -482 
 464.1        -482 
 464.3        -482 
 464.5        -482 
 464.6        -482 
 464.8        -482 
 465          -482 
 465.1        -482 
 465.3        -417 
 465.5        -415 
 465.6        -415 
 465.9        -417 
 466          -419 
 466.1        -421 
 466.3        -424 
 466.5        -427 
 466.6        -429 
 466.8        -430 
 467.1        -433 
 467.3        -437 
 467.5        -438 
 467.6        -439 
 467.8        -441 
 468.1        -444 
 468.3        -446 
 468.5        -450 
 468.6        -451 
 468.8        -453 
 469          -454 
 469.1        -457 
 469.3        -457 
 469.5        -459 
 469.6        -461 
 469.8        -462 
 470          -464 
 470.1        -465 
 470.3        -467 
 470.5        -469 
 470.6        -470 
 470.8        -480 
 471          -480 
 471.1        -480 
 471.3        -480 
 471.5        -480 
 471.6        -480 
 471.8        -480 
 472          -480 
 472.1        -457 
 472.3        -420 
 472.5        -420 
 472.7        -423 
 472.8        -425 
 473          -426 
 473.1        -430 
 473.3        -431 
 473.5        -434 
 473.6        -435 
 473.9        -438 
 474          -439 
 474.1        -441 
 474.3        -442 
 474.5        -445 
 474.6        -446 
 474.9        -449 
 475          -449 
 475.1        -452 
 475.3        -455 
 475.5        -456 
 475.6        -457 
 475.8        -459 
 476.1        -462 
 476.3        -463 
 476.5        -465 
 476.6        -467 
 476.8        -468 
 477          -471 
 477.1        -481 
 477.3        -481 
 477.5        -481 
 477.6        -481 
 477.8        -481 
 478          -481 
 478.1        -481 
 478.3        -481 
 478.5        -468 
 478.6        -426 
 478.8        -415 
 479          -415 
 479.1        -416 
 479.3        -421 
 479.5        -421 
 479.6        -425 
 479.8        -426 
 480          -430 
 480.1        -430 
 480.3        -433 
 480.5        -436 
 480.7        -437 
 480.8        -438 
 481          -441 
 481.1        -441 
 481.3        -444 
 481.5        -445 
 481.7        -447 
 481.8        -448 
 482          -452 
 482.1        -452 
 482.3        -455 
 482.5        -457 
 482.6        -458 
 482.9        -461 
 483          -461 
 483.1        -463 
 483.3        -464 
 483.5        -467 
 483.6        -467 
 483.8        -470 
 484.1        -481 
 484.3        -481 
 484.5        -481 
 484.6        -481 
 484.9        -481 
 485          -481 
 485.1        -481 
 485.3        -481 
 485.5        -413 
 485.6        -413 
 485.8        -413 
 486.1        -417 
 486.3        -420 
 486.5        -423 
 486.6        -425 
 486.8        -428 
 487          -431 
 487.1        -432 
 487.3        -432 
 487.5        -435 
 487.6        -436 
 487.8        -439 
 488          -442 
 488.1        -443 
 488.3        -445 
 488.5        -447 
 488.6        -448 
 488.8        -450 
 489          -452 
 489.1        -453 
 489.3        -456 
 489.5        -456 
 489.6        -457 
 489.8        -459 
 490          -462 
 490.1        -462 
 490.3        -465 
 490.5        -467 
 490.7        -468 
 490.8        -468 
 491          -480 
 491.1        -480 
 491.3        -480 
 491.5        -480 
 491.7        -480 
 491.8        -480 
 492          -480 
 492.1        -480 
 492.3        -413 
 492.5        -413 
 492.6        -413 
 492.9        -415 
 493          -416 
 493.1        -419 
 493.3        -421 
 493.5        -425 
 493.6        -426 
 493.8        -428 
 494.1        -430 
 494.3        -433 
 494.5        -436 
 494.6        -437 
 494.8        -441 
 495.1        -443 
 495.3        -444 
 495.5        -447 
 495.6        -448 
 495.8        -451 
 496          -452 
 496.1        -454 
 496.3        -454 
 496.5        -457 
 496.6        -457 
 496.8        -460 
 497          -462 
 497.1        -463 
 497.3        -465 
 497.5        -466 
 497.6        -466 
 497.8        -470 
 498          -480 
 498.1        -480 
 498.3        -480 
 498.5        -480 
 498.6        -480 
 498.8        -480 
 499          -480 
 499.1        -480 
 499.3        -461 
 499.5        -413 
 499.7        -413 
 499.8        -413 
 500          -415 
 500.1        -418 
 500.3        -421 
 500.5        -423 
 500.6        -425 
 500.9        -428 
 501          -430 
 501.1        -431 
 501.3        -434 
 501.5        -437 
 501.6        -438 
 501.9        -440 
 502          -442 
 502.1        -442 
 502.3        -444 
 502.5        -446 
 502.6        -448 
 502.8        -450 
 503.1        -452 
 503.3        -454 
 503.5        -457 
 503.6        -458 
 503.8        -459 
 504          -461 
 504.1        -462 
 504.3        -463 
 504.5        -465 
 504.6        -467 
 504.8        -469 
 505          -480 
 505.1        -480 
 505.3        -480 
 505.5        -480 
 505.6        -480 
 505.8        -480 
 506          -480 
 506.1        -480 
 506.3        -480 
 506.5        -473 
 506.6        -432 
 506.8        -414 
 507          -414 
 507.1        -416 
 507.3        -418 
 507.5        -423 
 507.7        -423 
 507.8        -426 
 508          -428 
 508.1        -429 
 508.3        -433 
 508.5        -435 
 508.7        -437 
 508.8        -438 
 509          -441 
 509.1        -442 
 509.3        -444 
 509.5        -445 
 509.6        -446 
 509.9        -449 
 510          -450 
 510.1        -452 
 510.3        -453 
 510.5        -455 
 510.6        -456 
 510.8        -459 
 511          -460 
 511.1        -462 
 511.3        -463 
 511.5        -465 
 511.6        -468 
 511.8        -468 
 512.1        -481 
 512.2        -481 
 512.4        -481 
 512.5        -481 
 512.6        -481 
 512.7        -481 
 512.9        -481 
 513          -481 
 513.2        -481 
 513.4        -481 
 513.5        -481 
 513.6        -444 
 513.7        -416 
 513.9        -416 
 514          -416 
 514.1        -417 
 514.2        -419 
 514.4        -422 
 514.5        -422 
 514.6        -424 
 514.7        -426 
 514.9        -429 
 515          -432 
 515.1        -433 
 515.2        -434 
 515.5        -437 
 515.6        -438 
 515.7        -438 
 515.9        -442 
 516          -442 
 516.1        -442 
 516.2        -445 
 516.4        -446 
 516.6        -448 
 516.7        -449 
 516.9        -451 
 517          -452 
 517.1        -453 
 517.2        -455 
 517.4        -457 
 517.5        -458 
 517.6        -459 
 517.8        -459 
 517.9        -462 
 518          -462 
 518.1        -462 
 518.2        -465 
 518.4        -467 
 518.5        -468 
 518.6        -469 
 518.8        -470 
 518.9        -481 
 519          -481 
 519.1        -481 
 519.2        -481 
 519.4        -481 
 519.5        -481 
 519.6        -481 
 519.7        -481 
 520          -481 
 520.1        -481 
 520.2        -481 
 520.4        -470 
 520.5        -413 
 520.6        -413 
 520.7        -413 
 520.9        -416 
 521          -418 
 521.2        -420 
 521.4        -423 
 521.5        -425 
 521.6        -425 
 521.7        -428 
 521.9        -430 
 522          -433 
 522.2        -433 
 522.4        -437 
 522.5        -437 
 522.6        -438 
 522.7        -440 
 522.9        -442 
 523          -443 
 523.1        -444 
 523.2        -445 
 523.4        -447 
 523.5        -447 
 523.6        -449 
 523.7        -450 
 523.9        -451 
 524          -454 
 524.1        -454 
 524.2        -454 
 524.4        -457 
 524.6        -458 
 524.7        -459 
 524.9        -461 
 525          -462 
 525.1        -464 
 525.2        -466 
 525.4        -467 
 525.6        -469 
 525.7        -470 
 525.9        -481 
 526          -481 
 526.1        -481 
 526.2        -481 
 526.4        -481 
 526.5        -481 
 526.6        -481 
 526.8        -481 
 526.9        -481 
 527          -481 
 527.1        -481 
 527.2        -481 
 527.4        -415 
 527.5        -415 
 527.6        -415 
 527.7        -415 
 528          -421 
 528.1        -421 
 528.2        -422 
 528.4        -425 
