±½¼×Ëá  
27.100
10.000
3             26.727        
6             26.727        
9             26.727        
12            26.727        
15            26.727        
18            26.727        
21            26.727        
24            26.727        
27            26.727        
30            26.727        
33            26.727        
36            26.727        
39            26.726        
42            26.727        
45            26.727        
48            26.727        
51            26.727        
54            26.727        
57            26.727        
60            26.727        
63            26.727        
66            26.727        
69            26.726        
72            26.726        
75            26.727        
78            26.727        
81            26.726        
84            26.727        
87            26.726        
90            26.726        
93            26.726        
96            26.727        
99            26.727        
102           26.727        
105           26.727        
108           26.726        
111           26.727        
114           26.726        
117           26.726        
120           26.727        
123           26.726        
126           26.727        
129           26.727        
132           26.726        
135           26.726        
138           26.727        
141           26.726        
144           26.727        
147           26.727        
150           26.727        
153           26.727        
156           26.727        
159           26.727        
162           26.727        
165           26.727        
168           26.727        
171           26.726        
174           26.727        
177           26.727        
180           26.727        
183           26.727        
186           26.727        
189           26.727        
192           26.727        
195           26.727        
198           26.727        
201           26.727        
204           26.727        
207           26.727        
210           26.728        
213           26.727        
216           26.727        
219           26.727        
222           26.727        
225           26.727        
228           26.728        
231           26.730        
234           26.735        
237           26.750        
240           26.788        
243           26.805        
246           26.821        
249           26.869        
252           26.931        
255           26.976        
258           27.014        
261           27.073        
264           27.162        
267           27.223        
270           27.270        
273           27.295        
276           27.338        
279           27.395        
282           27.436        
285           27.478        
288           27.515        
291           27.574        
294           27.603        
297           27.630        
300           27.645        
303           27.667        
306           27.684        
309           27.713        
312           27.744        
315           27.772        
318           27.797        
321           27.820        
324           27.830        
327           27.844        
330           27.855        
333           27.872        
336           27.885        
339           27.888        
342           27.896        
345           27.909        
348           27.927        
351           27.940        
354           27.951        
357           27.962        
360           27.968        
363           27.974        
366           27.979        
369           27.987        
372           27.995        
375           28.006        
378           28.010        
381           28.016        
384           28.020        
387           28.025        
390           28.030        
393           28.037        
396           28.045        
399           28.048        
402           28.054        
405           28.059        
408           28.065        
411           28.069        
414           28.074        
417           28.078        
420           28.081        
423           28.086        
426           28.090        
429           28.092        
432           28.095        
435           28.099        
438           28.103        
441           28.107        
444           28.111        
447           28.114        
450           28.115        
453           28.117        
456           28.120        
459           28.123        
462           28.125        
465           28.128        
468           28.130        
471           28.132        
474           28.134        
477           28.136        
480           28.139        
483           28.141        
486           28.143        
489           28.145        
492           28.147        
495           28.150        
498           28.152        
501           28.153        
504           28.154        
507           28.157        
510           28.157        
513           28.159        
516           28.160        
519           28.162        
522           28.164        
525           28.165        
528           28.166        
531           28.168        
534           28.169        
537           28.170        
540           28.172        
543           28.174        
546           28.174        
549           28.176        
552           28.177        
555           28.178        
558           28.179        
561           28.179        
564           28.181        
567           28.182        
570           28.183        
573           28.184        
576           28.184        
579           28.186        
582           28.187        
585           28.188        
588           28.189        
591           28.190        
594           28.190        
597           28.190        
600           28.192        
603           28.194        
606           28.194        
609           28.195        
612           28.195        
615           28.196        
618           28.197        
621           28.197        
624           28.198        
627           28.198        
630           28.200        
633           28.200        
636           28.201        
639           28.201        
642           28.202        
645           28.203        
648           28.203        
651           28.204        
654           28.204        
657           28.205        
660           28.206        
663           28.205        
666           28.207        
669           28.207        
672           28.207        
675           28.207        
678           28.208        
681           28.208        
684           28.209        
687           28.209        
690           28.210        
693           28.210        
696           28.210        
699           28.211        
702           28.211        
705           28.212        
708           28.212        
711           28.212        
714           28.213        
717           28.213        
720           28.213        
723           28.214        
726           28.214        
729           28.214        
732           28.215        
735           28.215        
738           28.216        
741           28.216        
744           28.215        
747           28.216        
750           28.216        
753           28.217        
756           28.217        
759           28.217        
762           28.217        
765           28.218        
768           28.218        
771           28.219        
774           28.219        
777           28.219        
780           28.219        
783           28.220        
786           28.219        
789           28.220        
792           28.220        
795           28.220        
798           28.220        
801           28.220        
804           28.220        
807           28.220        
810           28.221        
813           28.221        
816           28.221        
819           28.221        
822           28.221        
825           28.221        
828           28.222        
831           28.222        
834           28.222        
837           28.222        
840           28.223        
843           28.223        
846           28.223        
849           28.223        
852           28.223        
855           28.223        
858           28.224        
861           28.224        
864           28.223        
867           28.224        
870           28.224        
873           28.224        
876           28.224        
879           28.224        
882           28.224        
885           28.224        
888           28.224        
891           28.224        
894           28.225        
897           28.225        
900           28.224        
903           28.224        
906           28.225        
909           28.225        
912           28.225        
915           28.224        
918           28.225        
921           28.225        
924           28.225        
927           28.225        
930           28.225        
933           28.225        
936           28.225        
939           28.225        
942           28.225        
945           28.226        
948           28.226        
951           28.225        
954           28.226        
957           28.226        
960           28.226        
963           28.225        
966           28.226        
969           28.226        
972           28.225        
975           28.226        
978           28.225        
981           28.225        
984           28.225        
987           28.226        
990           28.226        
993           28.226        
996           28.225        
999           28.226        
1002          28.226        
1005          28.226        
1008          28.225        
1011          28.226        
1014          28.225        
1017          28.225        
1020          28.226        
1023          28.226        
1026          28.225        
1029          28.226        
1032          28.226        
1035          28.226        
1038          28.226        
1041          28.226        
1044          28.226        
1047          28.226        
1050          28.226        
1053          28.226        
1056          28.226        
1059          28.225        
1062          28.226        
1065          28.226        
1068          28.225        
1071          28.226        
1074          28.225        
1077          28.226        
1080          28.225        
1083          28.226        
1086          28.226        
1089          28.225        
1092          28.226        
1095          28.226        
1098          28.226        
1101          28.226        
1104          28.225        
1107          28.225        
1110          28.226        
1113          28.225        
1116          28.225        
1119          28.226        
1122          28.226        
1125          28.225        
1128          28.226        
1131          28.225        
1134          28.225        
1137          28.225        
1140          28.226        
1143          28.225        
1146          28.225        
1149          28.226        
1152          28.225        
1155          28.225        
1158          28.224        
1161          28.226        
1164          28.225        
1167          28.225        
1170          28.225        
1173          28.225        
1176          28.225        
1179          28.225        
1182          28.225        
1185          28.225        
1188          28.225        
1191          28.225        
1194          28.225        
1197          28.225        
1200          28.224        
1203          28.225        
1206          28.225        
1209          28.225        
1212          28.224        
1215          28.225        
1218          28.224        
1221          28.225        
1224          28.225        
1227          28.224        
1230          28.224        
1233          28.224        
1236          28.224        
1239          28.224        
1242          28.225        
1245          28.224        
1248          28.224        
1251          28.224        
1254          28.224        
1257          28.224        
1260          28.223        
1263          28.224        
1266          28.224        
1269          28.224        
1272          28.224        
1275          28.223        
1278          28.223        
1281          28.224        
1284          28.224        
1287          28.224        
1290          28.224        
1293          28.223        
1296          28.224        
1299          28.223        
1302          28.223        
1305          28.223        
1308          28.223        
1311          28.223        
1314          28.223        
1317          28.223        
1320          28.223        
1323          28.223        
1326          28.223        
1329          28.223        
1332          28.224        
1335          28.222        
1338          28.223        
1341          28.223        
