±½¼×Ëá  
27.700
10.000
3             26.864        
6             26.864        
9             26.864        
12            26.864        
15            26.864        
18            26.864        
21            26.864        
24            26.864        
27            26.865        
30            26.865        
33            26.865        
36            26.865        
39            26.865        
42            26.864        
45            26.865        
48            26.865        
51            26.865        
54            26.866        
57            26.864        
60            26.865        
63            26.865        
66            26.866        
69            26.866        
72            26.866        
75            26.865        
78            26.867        
81            26.865        
84            26.865        
87            26.866        
90            26.865        
93            26.865        
96            26.866        
99            26.866        
102           26.866        
105           26.866        
108           26.866        
111           26.865        
114           26.866        
117           26.866        
120           26.866        
123           26.866        
126           26.867        
129           26.866        
132           26.867        
135           26.866        
138           26.867        
141           26.866        
144           26.866        
147           26.866        
150           26.867        
153           26.867        
156           26.866        
159           26.867        
162           26.867        
165           26.867        
168           26.867        
171           26.866        
174           26.867        
177           26.867        
180           26.866        
183           26.867        
186           26.866        
189           26.867        
192           26.867        
195           26.867        
198           26.869        
201           26.872        
204           26.876        
207           26.887        
210           26.918        
213           26.952        
216           26.970        
219           27.014        
222           27.053        
225           27.117        
228           27.177        
231           27.242        
234           27.283        
237           27.318        
240           27.359        
243           27.432        
246           27.479        
249           27.546        
252           27.613        
255           27.656        
258           27.685        
261           27.728        
264           27.785        
267           27.830        
270           27.865        
273           27.893        
276           27.909        
279           27.937        
282           27.964        
285           27.987        
288           28.012        
291           28.037        
294           28.054        
297           28.071        
300           28.093        
303           28.112        
306           28.136        
309           28.146        
312           28.156        
315           28.170        
318           28.186        
321           28.201        
324           28.212        
327           28.225        
330           28.233        
333           28.247        
336           28.253        
339           28.261        
342           28.270        
345           28.279        
348           28.291        
351           28.298        
354           28.306        
357           28.313        
360           28.316        
363           28.320        
366           28.328        
369           28.333        
372           28.340        
375           28.344        
378           28.349        
381           28.356        
384           28.362        
387           28.365        
390           28.369        
393           28.372        
396           28.376        
399           28.379        
402           28.384        
405           28.387        
408           28.392        
411           28.398        
414           28.401        
417           28.405        
420           28.407        
423           28.409        
426           28.412        
429           28.415        
432           28.418        
435           28.420        
438           28.424        
441           28.427        
444           28.429        
447           28.431        
450           28.434        
453           28.436        
456           28.437        
459           28.440        
462           28.441        
465           28.445        
468           28.447        
471           28.450        
474           28.452        
477           28.455        
480           28.455        
483           28.456        
486           28.459        
489           28.460        
492           28.462        
495           28.463        
498           28.465        
501           28.466        
504           28.467        
507           28.470        
510           28.471        
513           28.472        
516           28.473        
519           28.476        
522           28.476        
525           28.477        
528           28.478        
531           28.480        
534           28.481        
537           28.482        
540           28.482        
543           28.484        
546           28.485        
549           28.486        
552           28.488        
555           28.489        
558           28.490        
561           28.491        
564           28.492        
567           28.493        
570           28.493        
573           28.495        
576           28.496        
579           28.497        
582           28.497        
585           28.496        
588           28.497        
591           28.498        
594           28.500        
597           28.500        
600           28.501        
603           28.500        
606           28.502        
609           28.503        
612           28.503        
615           28.504        
618           28.503        
621           28.505        
624           28.505        
627           28.506        
630           28.506        
633           28.506        
636           28.507        
639           28.508        
642           28.508        
645           28.509        
648           28.509        
651           28.509        
654           28.510        
657           28.510        
660           28.511        
663           28.511        
666           28.511        
669           28.512        
672           28.511        
675           28.512        
678           28.512        
681           28.513        
684           28.513        
687           28.513        
690           28.513        
693           28.514        
696           28.514        
699           28.515        
702           28.515        
705           28.516        
708           28.516        
711           28.516        
714           28.516        
717           28.517        
720           28.517        
723           28.517        
726           28.516        
729           28.518        
732           28.518        
735           28.518        
738           28.518        
741           28.518        
744           28.518        
747           28.518        
750           28.519        
753           28.519        
756           28.520        
759           28.520        
762           28.520        
765           28.520        
768           28.520        
771           28.519        
774           28.520        
777           28.520        
780           28.520        
783           28.520        
786           28.520        
789           28.520        
792           28.521        
795           28.521        
798           28.521        
801           28.521        
804           28.521        
807           28.521        
810           28.521        
813           28.521        
816           28.521        
819           28.521        
822           28.522        
825           28.521        
828           28.522        
831           28.522        
834           28.522        
837           28.522        
840           28.522        
843           28.523        
846           28.522        
849           28.521        
852           28.523        
855           28.522        
858           28.523        
861           28.522        
864           28.523        
867           28.523        
870           28.522        
873           28.522        
876           28.522        
879           28.523        
882           28.523        
885           28.522        
888           28.522        
891           28.522        
894           28.523        
897           28.522        
900           28.523        
903           28.522        
906           28.523        
909           28.523        
912           28.522        
915           28.523        
918           28.522        
921           28.522        
924           28.523        
927           28.522        
930           28.523        
933           28.522        
936           28.523        
939           28.522        
942           28.522        
945           28.523        
948           28.522        
951           28.522        
954           28.523        
957           28.522        
960           28.522        
963           28.522        
966           28.522        
969           28.522        
972           28.522        
975           28.523        
978           28.523        
981           28.521        
984           28.522        
987           28.522        
990           28.522        
993           28.522        
996           28.521        
999           28.522        
1002          28.521        
1005          28.522        
1008          28.522        
1011          28.522        
1014          28.522        
1017          28.522        
1020          28.522        
1023          28.522        
1026          28.522        
1029          28.521        
1032          28.522        
1035          28.522        
1038          28.521        
1041          28.521        
1044          28.521        
1047          28.521        
1050          28.521        
1053          28.521        
1056          28.520        
1059          28.520        
1062          28.521        
1065          28.520        
1068          28.521        
