3             24.704        
6             24.703        
9             24.702        
12            24.702        
15            24.700        
18            24.699        
21            24.699        
24            24.697        
27            24.695        
30            24.694        
33            24.693        
36            24.692        
39            24.690        
42            24.690        
45            24.689        
48            24.687        
51            24.685        
54            24.684        
57            24.683        
60            24.682        
63            24.686        
66            24.695        
69            24.704        
72            24.717        
75            24.727        
78            24.733        
81            24.736        
84            24.741        
87            24.742        
90            24.743        
93            24.742        
96            24.742        
99            24.742        
102           24.741        
105           24.741        
108           24.740        
111           24.739        
114           24.738        
117           24.737        
120           24.736        
123           24.734        
126           24.733        
129           24.732        
132           24.731        
135           24.729        
138           24.728        
141           24.727        
144           24.726        
147           24.724        
150           24.724        
153           24.722        
156           24.721        
159           24.719        
162           24.718        
165           24.717        
168           24.716        
171           24.714        
174           24.713        
177           24.712        
180           24.711        
183           24.709        
186           24.708        
189           24.707        
192           24.705        
195           24.705        
198           24.703        
201           24.702        
204           24.701        
207           24.699        
210           24.699        
213           24.698        
216           24.696        
219           24.695        
222           24.694        
225           24.693        
228           24.692        
231           24.690        
234           24.689        
237           24.687        
240           24.687        
243           24.690        
246           24.697        
249           24.710        
252           24.722        
255           24.730        
258           24.736        
261           24.738        
264           24.740        
267           24.743        
270           24.743        
273           24.743        
276           24.743        
279           24.744        
282           24.743        
285           24.743        
288           24.742        
291           24.741        
294           24.740        
297           24.739        
300           24.739        
303           24.737        
306           24.736        
309           24.734        
312           24.733        
315           24.732        
318           24.730        
321           24.729        
324           24.729        
327           24.727        
330           24.726        
333           24.725        
336           24.724        
339           24.722        
342           24.721        
345           24.721        
348           24.720        
351           24.717        
354           24.716        
357           24.714        
360           24.714        
363           24.713        
366           24.712        
369           24.710        
372           24.708        
375           24.707        
378           24.706        
381           24.706        
384           24.704        
387           24.702        
390           24.701        
393           24.700        
396           24.699        
399           24.698        
402           24.697        
405           24.696        
408           24.695        
411           24.693        
414           24.692        
417           24.691        
420           24.689        
423           24.689        
426           24.688        
429           24.686        
432           24.684        
435           24.684        
438           24.682        
441           24.685        
444           24.689        
447           24.699        
450           24.710        
453           24.720        
456           24.732        
459           24.739        
462           24.741        
465           24.743        
468           24.743        
471           24.744        
474           24.744        
477           24.743        
480           24.743        
483           24.743        
486           24.743        
489           24.741        
492           24.739        
495           24.738        
498           24.737        
501           24.736        
504           24.735        
507           24.734        
510           24.733        
513           24.732        
516           24.731        
519           24.729        
522           24.727        
525           24.726        
528           24.725        
531           24.724        
534           24.723        
537           24.722        
540           24.721        
543           24.720        
546           24.719        
549           24.717        
552           24.717        
555           24.715        
558           24.714        
561           24.713        
564           24.712        
567           24.711        
570           24.709        
573           24.708        
576           24.706        
579           24.705        
582           24.704        
585           24.702        
588           24.701        
591           24.700        
594           24.699        
597           24.697        
600           24.697        
603           24.696        
606           24.694        
609           24.693        
612           24.692        
615           24.691        
618           24.689        
621           24.688        
624           24.687        
627           24.685        
630           24.684        
633           24.682        
636           24.681        
639           24.681        
642           24.686        
645           24.695        
648           24.703        
651           24.713        
654           24.721        
657           24.727        
660           24.738        
663           24.744        
666           24.748        
669           24.751        
672           24.753        
675           24.754        
678           24.754        
681           24.753        
684           24.753        
687           24.752        
690           24.752        
693           24.750        
696           24.749        
699           24.748        
702           24.747        
705           24.747        
708           24.746        
711           24.744        
714           24.742        
717           24.741        
720           24.740        
723           24.739        
726           24.738        
729           24.737        
732           24.735        
735           24.734        
738           24.734        
741           24.732        
744           24.731        
747           24.729        
750           24.728        
753           24.727        
756           24.725        
759           24.725        
762           24.723        
765           24.722        
768           24.721        
771           24.720        
774           24.719        
777           24.718        
780           24.717        
783           24.715        
786           24.714        
789           24.712        
792           24.712        
795           24.710        
798           24.709        
801           24.708        
804           24.706        
807           24.706        
810           24.704        
813           24.703        
816           24.701        
819           24.699        
822           24.699        
825           24.698        
828           24.697        
831           24.696        
834           24.695        
837           24.694        
840           24.693        
843           24.691        
846           24.690        
849           24.689        
852           24.688        
855           24.686        
858           24.686        
861           24.684        
864           24.684        
867           24.690        
870           24.699        
873           24.705        
876           24.716        
879           24.729        
882           24.735        
885           24.740        
888           24.743        
891           24.744        
894           24.746        
897           24.747        
900           24.747        
903           24.747        
906           24.747        
909           24.746        
912           24.745        
915           24.744        
918           24.743        
921           24.742        
924           24.741        
927           24.740        
930           24.739        
933           24.738        
936           24.736        
939           24.735        
942           24.735        
945           24.734        
948           24.731        
951           24.731        
954           24.729        
957           24.728        
960           24.727        
963           24.726        
966           24.724        
969           24.723        
972           24.723        
975           24.721        
978           24.720        
981           24.718        
984           24.717        
987           24.716        
990           24.715        
993           24.714        
996           24.713        
999           24.712        
1002          24.711        
1005          24.709        
1008          24.708        
1011          24.707        
1014          24.706        
1017          24.704        
1020          24.704        
1023          24.702        
1026          24.701        
1029          24.699        
1032          24.698        
1035          24.697        
1038          24.697        
1041          24.695        
1044          24.694        
1047          24.692        
1050          24.691        
1053          24.690        
1056          24.689        
1059          24.688        
1062          24.687        
1065          24.685        
1068          24.684        
1071          24.683        
1074          24.686        
1077          24.688        
1080          24.697        
1083          24.708        
1086          24.719        
1089          24.735        
1092          24.742        
1095          24.746        
1098          24.748        
1101          24.750        
1104          24.751        
1107          24.751        
1110          24.750        
1113          24.750        
1116          24.749        
1119          24.749        
1122          24.748        
1125          24.746        
1128          24.746        
1131          24.745        
1134          24.743        
1137          24.743        
1140          24.742        
1143          24.741        
1146          24.740        
1149          24.739        
1152          24.736        
1155          24.736        
1158          24.735        
1161          24.733        
1164          24.731        
1167          24.730        
1170          24.729        
1173          24.727        
1176          24.726        
1179          24.725        
1182          24.724        
1185          24.722        
1188          24.721        
1191          24.720        
1194          24.719        
1197          24.718        
1200          24.717        
1203          24.715        
1206          24.715        
1209          24.713        
1212          24.712        
1215          24.711        
1218          24.710        
1221          24.709        
1224          24.708        
1227          24.707        
1230          24.705        
1233          24.704        
1236          24.702        
1239          24.702        
1242          24.700        
1245          24.699        
1248          24.698        
1251          24.698        
1254          24.695        
1257          24.695        
1260          24.694        
1263          24.692        
1266          24.691        
1269          24.690        
1272          24.689        
1275          24.687        
1278          24.686        
1281          24.685        
1284          24.686        
1287          24.689        
1290          24.699        
1293          24.708        
1296          24.719        
1299          24.729        
1302          24.735        
1305          24.739        
1308          24.739        
1311          24.740        
1314          24.741        
1317          24.741        
1320          24.739        
1323          24.740        
1326          24.738        
1329          24.738        
1332          24.737        
1335          24.735        
1338          24.734        
1341          24.733        
1344          24.731        
1347          24.731        
1350          24.730        
1353          24.729        
1356          24.727        
1359          24.726        
1362          24.725        
1365          24.724        
1368          24.723        
1371          24.722        
1374          24.721        
1377          24.720        
1380          24.719        
1383          24.718        
1386          24.717        
1389          24.716        
1392          24.714        
1395          24.713        
1398          24.712        
1401          24.711        
1404          24.709        
1407          24.708        
1410          24.707        
1413          24.706        
1416          24.704        
1419          24.704        
1422          24.702        
1425          24.701        
1428          24.699        
1431          24.699        
1434          24.697        
1437          24.695        
1440          24.694        
1443          24.693        
1446          24.691        
1449          24.691        
1452          24.689        
1455          24.688        
1458          24.687        
1461          24.685        
1464          24.685        
1467          24.687        
1470          24.694        
1473          24.703        
