3             24.899        
6             24.905        
9             24.906        
12            24.905        
15            24.904        
18            24.899        
21            24.894        
24            24.890        
27            24.884        
30            24.875        
33            24.867        
36            24.859        
39            24.854        
42            24.852        
45            24.847        
48            24.843        
51            24.839        
54            24.834        
57            24.829        
60            24.823        
63            24.819        
66            24.814        
69            24.810        
72            24.808        
75            24.811        
78            24.817        
81            24.824        
84            24.830        
87            24.838        
90            24.843        
93            24.845        
96            24.845        
99            24.847        
102           24.848        
105           24.845        
108           24.840        
111           24.834        
114           24.828        
117           24.822        
120           24.816        
123           24.812        
126           24.807        
129           24.807        
132           24.809        
135           24.814        
138           24.818        
141           24.826        
144           24.832        
147           24.834        
150           24.841        
153           24.847        
156           24.851        
159           24.853        
162           24.854        
165           24.853        
168           24.846        
171           24.843        
174           24.844        
177           24.842        
180           24.838        
183           24.835        
186           24.831        
189           24.827        
192           24.821        
195           24.815        
198           24.811        
201           24.809        
204           24.809        
207           24.814        
210           24.819        
213           24.822        
216           24.826        
219           24.834        
222           24.840        
225           24.844        
228           24.848        
231           24.853        
234           24.855        
237           24.851        
240           24.847        
243           24.841        
246           24.835        
249           24.832        
252           24.829        
255           24.826        
258           24.819        
261           24.816        
264           24.820        
267           24.824        
270           24.828        
273           24.832        
276           24.836        
279           24.843        
282           24.849        
285           24.854        
288           24.857        
291           24.856        
294           24.852        
297           24.847        
300           24.844        
303           24.841        
306           24.837        
309           24.833        
312           24.832        
315           24.829        
318           24.822        
321           24.815        
324           24.813        
327           24.814        
330           24.817        
333           24.819        
336           24.822        
339           24.827        
342           24.832        
345           24.835        
348           24.841        
351           24.848        
354           24.853        
357           24.857        
360           24.860        
363           24.860        
366           24.857        
369           24.853        
372           24.845        
375           24.839        
378           24.837        
381           24.833        
384           24.831        
387           24.827        
390           24.821        
393           24.817        
396           24.814        
399           24.813        
402           24.812        
405           24.815        
408           24.821        
411           24.828        
414           24.836        
417           24.842        
420           24.848        
423           24.854        
426           24.855        
429           24.854        
432           24.852        
435           24.850        
438           24.846        
441           24.842        
444           24.839        
447           24.840        
450           24.839        
453           24.835        
456           24.828        
459           24.824        
462           24.819        
465           24.813        
468           24.811        
471           24.814        
474           24.816        
477           24.818        
480           24.824        
483           24.835        
486           24.841        
489           24.846        
492           24.848        
495           24.850        
498           24.853        
501           24.853        
504           24.848        
507           24.841        
510           24.838        
513           24.836        
516           24.830        
519           24.826        
522           24.822        
525           24.819        
528           24.819        
531           24.820        
534           24.820        
537           24.820        
540           24.831        
543           24.836        
546           24.845        
549           24.850        
552           24.856        
555           24.857        
558           24.856        
561           24.852        
564           24.847        
567           24.841        
570           24.836        
573           24.831        
576           24.830        
579           24.827        
582           24.822        
585           24.817        
588           24.814        
591           24.815        
594           24.820        
597           24.825        
600           24.827        
603           24.829        
606           24.833        
609           24.841        
612           24.846        
615           24.854        
618           24.859        
621           24.861        
624           24.859        
627           24.856        
630           24.853        
633           24.847        
636           24.843        
639           24.837        
642           24.834        
645           24.832        
648           24.829        
651           24.826        
654           24.823        
657           24.821        
660           24.819        
663           24.819        
666           24.822        
669           24.829        
672           24.834        
675           24.839        
678           24.843        
