3             24.703        
6             24.696        
9             24.690        
12            24.692        
15            24.697        
18            24.705        
21            24.712        
24            24.717        
27            24.721        
30            24.724        
33            24.735        
36            24.738        
39            24.736        
42            24.732        
45            24.728        
48            24.724        
51            24.721        
54            24.714        
57            24.708        
60            24.702        
63            24.698        
66            24.691        
69            24.686        
72            24.686        
75            24.691        
78            24.699        
81            24.704        
84            24.712        
87            24.721        
90            24.731        
93            24.737        
96            24.741        
99            24.739        
102           24.735        
105           24.730        
108           24.726        
111           24.723        
114           24.720        
117           24.712        
120           24.707        
123           24.700        
126           24.694        
129           24.692        
132           24.692        
135           24.696        
138           24.703        
141           24.711        
144           24.721        
147           24.725        
150           24.733        
153           24.738        
156           24.743        
159           24.743        
162           24.741        
165           24.737        
168           24.732        
171           24.726        
174           24.720        
177           24.713        
180           24.708        
183           24.703        
186           24.697        
189           24.691        
192           24.687        
195           24.686        
198           24.689        
201           24.694        
204           24.696        
207           24.700        
210           24.708        
213           24.721        
216           24.735        
219           24.745        
222           24.744        
225           24.741        
228           24.738        
231           24.734        
234           24.726        
237           24.721        
240           24.716        
243           24.711        
246           24.705        
249           24.700        
252           24.694        
255           24.691        
258           24.689        
261           24.690        
264           24.696        
267           24.702        
270           24.709        
273           24.716        
276           24.723        
279           24.731        
282           24.733        
285           24.734        
288           24.731        
291           24.729        
294           24.725        
297           24.720        
300           24.714        
303           24.710        
306           24.699        
309           24.695        
312           24.690        
315           24.686        
318           24.684        
321           24.689        
324           24.696        
327           24.706        
330           24.711        
333           24.719        
336           24.727        
339           24.734        
342           24.740        
345           24.746        
348           24.746        
351           24.744        
354           24.739        
357           24.734        
360           24.731        
363           24.726        
366           24.722        
369           24.715        
372           24.708        
375           24.703        
378           24.697        
381           24.692        
384           24.689        
387           24.690        
390           24.691        
393           24.699        
396           24.708        
399           24.717        
402           24.724        
405           24.732        
408           24.734        
411           24.734        
414           24.728        
417           24.725        
420           24.723        
423           24.716        
426           24.711        
429           24.705        
432           24.700        
435           24.694        
438           24.688        
441           24.683        
444           24.687        
447           24.693        
450           24.702        
453           24.706        
456           24.710        
459           24.718        
462           24.728        
465           24.737        
468           24.737        
471           24.737        
474           24.735        
477           24.731        
480           24.726        
483           24.722        
486           24.715        
489           24.710        
492           24.705        
495           24.698        
498           24.690        
501           24.687        
504           24.689        
507           24.696        
510           24.703        
513           24.707        
516           24.714        
519           24.723        
522           24.729        
525           24.732        
528           24.731        
531           24.730        
534           24.727        
537           24.721        
540           24.716        
543           24.712        
546           24.701        
549           24.696        
552           24.691        
555           24.690        
558           24.694        
561           24.701        
564           24.704        
567           24.716        
570           24.725        
573           24.733        
576           24.737        
579           24.739        
582           24.741        
585           24.741        
588           24.735        
591           24.730        
594           24.725        
597           24.718        
600           24.713        
603           24.706        
