1             24.816        
2             24.816        
3             24.817        
4             24.817        
5             24.817        
6             24.818        
7             24.817        
8             24.818        
9             24.818        
10            24.817        
11            24.817        
12            24.816        
13            24.816        
14            24.816        
15            24.815        
16            24.814        
17            24.814        
18            24.813        
19            24.813        
20            24.813        
21            24.812        
22            24.811        
23            24.810        
24            24.810        
25            24.810        
26            24.810        
27            24.810        
28            24.809        
29            24.810        
30            24.810        
31            24.809        
32            24.809        
33            24.809        
34            24.809        
35            24.809        
36            24.809        
37            24.809        
38            24.809        
39            24.808        
40            24.808        
41            24.807        
42            24.807        
43            24.807        
44            24.806        
45            24.806        
46            24.805        
47            24.806        
48            24.806        
49            24.806        
50            24.806        
51            24.806        
52            24.806        
53            24.805        
54            24.805        
55            24.804        
56            24.805        
57            24.804        
58            24.803        
59            24.803        
60            24.803        
61            24.803        
62            24.802        
63            24.802        
64            24.802        
65            24.802        
66            24.802        
67            24.801        
68            24.801        
69            24.801        
70            24.802        
71            24.801        
72            24.802        
73            24.802        
74            24.801        
75            24.801        
76            24.801        
77            24.801        
78            24.800        
79            24.800        
80            24.800        
81            24.800        
82            24.800        
83            24.800        
84            24.799        
85            24.799        
86            24.799        
87            24.799        
88            24.799        
89            24.799        
90            24.800        
91            24.800        
92            24.800        
93            24.800        
94            24.801        
95            24.800        
96            24.800        
97            24.801        
98            24.800        
99            24.801        
100           24.801        
101           24.801        
102           24.800        
103           24.800        
104           24.801        
105           24.801        
106           24.801        
107           24.801        
108           24.801        
109           24.801        
110           24.801        
111           24.801        
112           24.801        
113           24.802        
114           24.802        
115           24.802        
116           24.802        
117           24.802        
118           24.803        
119           24.803        
120           24.803        
121           24.803        
122           24.803        
123           24.803        
124           24.803        
125           24.803        
126           24.803        
127           24.804        
128           24.803        
129           24.803        
130           24.803        
131           24.803        
132           24.803        
133           24.803        
134           24.804        
135           24.804        
136           24.804        
137           24.804        
138           24.804        
139           24.805        
140           24.804        
141           24.803        
142           24.802        
143           24.802        
144           24.802        
145           24.801        
146           24.801        
147           24.802        
148           24.803        
149           24.803        
150           24.803        
151           24.803        
152           24.803        
153           24.802        
154           24.801        
155           24.801        
156           24.801        
157           24.801        
158           24.801        
159           24.801        
160           24.801        
161           24.800        
162           24.801        
163           24.801        
164           24.801        
165           24.802        
166           24.802        
167           24.802        
168           24.802        
169           24.802        
170           24.802        
171           24.802        
172           24.802        
173           24.803        
174           24.803        
175           24.803        
176           24.804        
177           24.805        
178           24.806        
179           24.806        
180           24.806        
181           24.806        
182           24.806        
183           24.805        
184           24.804        
185           24.805        
186           24.805        
187           24.805        
188           24.806        
189           24.806        
190           24.806        
191           24.806        
192           24.806        
193           24.806        
194           24.805        
195           24.805        
196           24.806        
197           24.806        
198           24.806        
199           24.806        
200           24.806        
201           24.807        
202           24.807        
203           24.808        
204           24.809        
205           24.808        
206           24.808        
207           24.809        
208           24.809        
209           24.809        
210           24.808        
211           24.808        
212           24.808        
213           24.808        
214           24.809        
215           24.810        
216           24.810        
217           24.810        
218           24.809        
219           24.809        
220           24.809        
221           24.809        
222           24.809        
223           24.809        
224           24.809        
225           24.810        
226           24.810        
227           24.811        
228           24.811        
229           24.811        
230           24.812        
231           24.812        
232           24.812        
233           24.813        
234           24.813        
235           24.814        
236           24.814        
237           24.814        
238           24.815        
239           24.816        
240           24.816        
241           24.816        
242           24.816        
243           24.816        
244           24.816        
245           24.816        
246           24.816        
247           24.816        
248           24.816        
249           24.816        
250           24.816        
251           24.817        
252           24.817        
253           24.818        
254           24.817        
255           24.817        
256           24.818        
257           24.819        
258           24.818        
259           24.817        
260           24.818        
261           24.819        
262           24.819        
263           24.820        
264           24.821        
265           24.821        
266           24.821        
267           24.821        
268           24.821        
269           24.820        
270           24.820        
271           24.820        
272           24.820        
273           24.820        
274           24.820        
275           24.820        
276           24.821        
277           24.820        
278           24.821        
279           24.821        
280           24.821        
281           24.821        
282           24.821        
283           24.821        
284           24.821        
285           24.820        
286           24.821        
287           24.821        
288           24.822        
289           24.822        
290           24.823        
291           24.823        
292           24.824        
293           24.825        
294           24.825        
295           24.825        
296           24.825        
297           24.825        
298           24.824        
299           24.824        
300           24.824        
301           24.825        
302           24.824        
303           24.823        
304           24.823        
305           24.823        
306           24.823        
307           24.824        
308           24.825        
309           24.825        
310           24.825        
311           24.826        
312           24.826        
313           24.825        
314           24.825        
315           24.826        
316           24.827        
317           24.828        
318           24.828        
319           24.830        
320           24.830        
321           24.830        
322           24.831        
323           24.831        
324           24.831        
325           24.831        
326           24.831        
327           24.831        
328           24.832        
329           24.831        
330           24.831        
331           24.831        
332           24.832        
333           24.832        
334           24.832        
335           24.833        
336           24.833        
337           24.833        
338           24.833        
339           24.833        
340           24.835        
341           24.834        
342           24.834        
343           24.835        
344           24.835        
345           24.836        
346           24.835        
347           24.835        
348           24.834        
349           24.834        
350           24.833        
351           24.832        
352           24.832        
353           24.832        
354           24.832        
355           24.832        
356           24.831        
357           24.831        
358           24.831        
359           24.831        
360           24.831        
361           24.831        
362           24.830        
363           24.830        
364           24.829        
365           24.829        
366           24.828        
367           24.828        
368           24.827        
369           24.827        
370           24.826        
371           24.826        
372           24.826        
373           24.825        
374           24.825        
375           24.824        
376           24.824        
377           24.823        
378           24.823        
379           24.823        
380           24.822        
381           24.822        
382           24.821        
383           24.821        
384           24.823        
385           24.824        
386           24.824        
387           24.823        
388           24.823        
389           24.824        
390           24.823        
391           24.823        
392           24.824        
393           24.824        
394           24.824        
395           24.825        
396           24.825        
397           24.825        
398           24.825        
399           24.826        
400           24.826        
401           24.826        
402           24.826        
403           24.826        
404           24.826        
405           24.827        
406           24.827        
407           24.826        
408           24.827        
409           24.827        
410           24.827        
411           24.826        
412           24.826        
413           24.824        
414           24.824        
415           24.824        
416           24.823        
417           24.823        
418           24.822        
419           24.822        
420           24.821        
421           24.821        
422           24.821        
423           24.821        
424           24.823        
425           24.823        
426           24.825        
427           24.825        
428           24.827        
429           24.828        
430           24.829        
431           24.830        
432           24.830        
433           24.830        
434           24.830        
435           24.830        
436           24.830        
437           24.831        
438           24.831        
439           24.830        
440           24.830        
441           24.830        
442           24.830        
443           24.830        
444           24.831        
445           24.830        
446           24.831        
447           24.830        
448           24.830        
449           24.830        
450           24.831        
451           24.831        
452           24.831        
453           24.831        
454           24.830        
455           24.831        
456           24.831        
457           24.830        
458           24.829        
459           24.829        
460           24.829        
461           24.829        
462           24.828        
463           24.828        
464           24.827        
465           24.827        
466           24.827        
467           24.827        
468           24.826        
469           24.826        
470           24.826        
471           24.825        
472           24.825        
473           24.824        
474           24.824        
475           24.824        
476           24.825        
477           24.825        
478           24.825        
479           24.824        
480           24.823        
481           24.824        
482           24.824        
483           24.824        
484           24.825        
485           24.826        
486           24.825        
487           24.826        
488           24.826        
489           24.826        
490           24.825        
491           24.825        
492           24.824        
493           24.825        
494           24.825        
495           24.826        
496           24.826        
497           24.828        
498           24.828        
499           24.827        
500           24.826        
501           24.826        
502           24.826        
503           24.826        
504           24.826        
505           24.826        
506           24.826        
507           24.826        
508           24.826        
509           24.826        
510           24.826        
511           24.826        
512           24.826        
513           24.827        
514           24.827        
515           24.827        
516           24.828        
517           24.828        
518           24.829        
519           24.829        
520           24.829        
521           24.830        
522           24.830        
523           24.830        
524           24.831        
525           24.831        
526           24.831        
527           24.831        
528           24.831        
529           24.832        
530           24.832        
531           24.831        
532           24.831        
533           24.831        
534           24.830        
535           24.831        
536           24.830        
537           24.830        
538           24.830        
539           24.829        
540           24.829        
541           24.830        
542           24.829        
543           24.830        
544           24.830        
545           24.829        
546           24.829        
547           24.829        
548           24.830        
549           24.829        
550           24.829        
551           24.829        
552           24.828        
553           24.827        
554           24.827        
555           24.827        
556           24.826        
557           24.826        
558           24.826        
559           24.826        
560           24.826        
561           24.826        
562           24.826        
563           24.826        
564           24.826        
565           24.826        
566           24.826        
567           24.825        
568           24.825        
569           24.826        
570           24.827        
571           24.827        
572           24.826        
573           24.827        
574           24.827        
575           24.827        
576           24.827        
577           24.827        
578           24.827        
579           24.827        
580           24.827        
581           24.827        
582           24.827        
583           24.828        
584           24.828        
585           24.828        
586           24.829        
587           24.829        
588           24.830        
589           24.830        
590           24.830        
591           24.831        
592           24.831        
593           24.831        
594           24.831        
595           24.830        
596           24.829        
597           24.829        
598           24.829        
599           24.829        
600           24.829        
601           24.829        
602           24.829        
603           24.829        
604           24.830        
605           24.829        
606           24.829        
607           24.829        
608           24.830        
609           24.830        
610           24.830        
611           24.830        
612           24.832        
613           24.831        
614           24.831        
615           24.831        
616           24.831        
617           24.831        
618           24.831        
619           24.831        
620           24.831        
621           24.831        
622           24.831        
623           24.831        
624           24.831        
625           24.831        
626           24.831        
627           24.831        
628           24.830        
629           24.829        
630           24.829        
631           24.828        
632           24.828        
633           24.827        
634           24.826        
635           24.825        
636           24.825        
637           24.825        
638           24.825        
639           24.825        
640           24.825        
641           24.825        
642           24.825        
643           24.825        
644           24.825        
645           24.825        
646           24.825        
647           24.825        
648           24.825        
649           24.827        
650           24.828        
651           24.829        
652           24.828        
653           24.829        
654           24.829        
655           24.829        
656           24.830        
657           24.830        
658           24.830        
659           24.830        
660           24.829        
661           24.830        
662           24.829        
663           24.829        
664           24.830        
665           24.830        
666           24.830        
667           24.830        
668           24.830        
669           24.830        
670           24.830        
671           24.830        
672           24.830        
673           24.830        
674           24.829        
675           24.829        
676           24.828        
677           24.829        
678           24.829        
679           24.829        
680           24.831        
681           24.830        
682           24.829        
683           24.829        
684           24.830        
685           24.831        
686           24.831        
687           24.830        
688           24.830        
689           24.830        
690           24.830        
691           24.830        
692           24.830        
693           24.830        
694           24.830        
695           24.830        
696           24.831        
697           24.831        
698           24.831        
699           24.831        
700           24.831        
701           24.831        
702           24.831        
703           24.831        
704           24.831        
705           24.831        
706           24.831        
707           24.831        
708           24.831        
709           24.832        
710           24.832        
711           24.831        
712           24.831        
713           24.831        
714           24.832        
715           24.832        
716           24.833        
717           24.833        
718           24.833        
719           24.834        
720           24.834        
721           24.834        
722           24.834        
723           24.833        
724           24.833        
725           24.832        
726           24.831        
727           24.832        
728           24.832        
729           24.831        
730           24.831        
731           24.830        
732           24.829        
733           24.829        
734           24.829        
735           24.829        
736           24.828        
737           24.828        
738           24.827        
739           24.826        
740           24.825        
741           24.825        
742           24.825        
743           24.824        
744           24.824        
745           24.824        
746           24.824        
747           24.824        
748           24.824        
749           24.824        
750           24.825        
751           24.825        
752           24.825        
753           24.824        
754           24.825        
755           24.825        
756           24.825        
757           24.826        
758           24.825        
759           24.825        
760           24.825        
761           24.824        
762           24.824        
763           24.823        
764           24.823        
765           24.823        
766           24.823        
767           24.824        
768           24.824        
769           24.824        
770           24.824        
771           24.824        
772           24.824        
773           24.824        
774           24.824        
775           24.824        
776           24.824        
777           24.824        
778           24.824        
779           24.824        
780           24.824        
781           24.824        
782           24.825        
783           24.825        
784           24.825        
785           24.826        
786           24.826        
787           24.826        
788           24.826        
789           24.826        
790           24.826        
791           24.827        
792           24.827        
793           24.828        
794           24.828        
795           24.828        
796           24.828        
797           24.828        
798           24.829        
799           24.829        
800           24.829        
801           24.829        
802           24.829        
803           24.829        
804           24.829        
805           24.829        
806           24.828        
807           24.828        
808           24.828        
809           24.827        
810           24.827        
811           24.828        
812           24.827        
813           24.828        
814           24.827        
815           24.827        
816           24.827        
817           24.827        
818           24.827        
819           24.828        
820           24.828        
821           24.828        
822           24.828        
823           24.828        
824           24.828        
825           24.828        
826           24.827        
827           24.827        
828           24.826        
829           24.826        
830           24.827        
831           24.827        
832           24.827        
833           24.827        
834           24.827        
835           24.828        
836           24.828        
837           24.827        
838           24.827        
839           24.828        
840           24.828        
841           24.828        
842           24.828        
843           24.828        
844           24.828        
845           24.827        
846           24.828        
847           24.827        
848           24.827        
849           24.827        
850           24.827        
851           24.827        
852           24.827        
853           24.828        
854           24.829        
855           24.829        
856           24.829        
857           24.829        
858           24.829        
859           24.829        
860           24.829        
861           24.828        
862           24.828        
863           24.829        
864           24.829        
865           24.829        
866           24.829        
867           24.829        
868           24.828        
869           24.828        
870           24.828        
871           24.827        
872           24.826        
873           24.826        
874           24.825        
875           24.826        
876           24.826        
877           24.827        
878           24.828        
879           24.828        
880           24.828        
881           24.828        
882           24.827        
883           24.828        
884           24.829        
885           24.829        
886           24.829        
887           24.828        
888           24.827        
889           24.826        
890           24.826        
891           24.827        
892           24.826        
893           24.826        
894           24.827        
895           24.827        
896           24.827        
897           24.827        
898           24.827        
899           24.827        
900           24.828        
901           24.829        
902           24.828        
903           24.828        
904           24.828        
905           24.828        
906           24.828        
907           24.829        
908           24.828        
909           24.828        
910           24.828        
911           24.829        
912           24.830        
913           24.829        
914           24.829        
915           24.829        
916           24.829        
917           24.830        
918           24.828        
919           24.828        
920           24.828        
921           24.828        
922           24.828        
923           24.828        
924           24.828        
925           24.828        
926           24.827        
927           24.827        
928           24.827        
929           24.827        
930           24.828        
931           24.829        
932           24.829        
933           24.828        
934           24.829        
935           24.829        
936           24.829        
937           24.829        
938           24.830        
939           24.829        
940           24.830        
941           24.831        
942           24.831        
943           24.831        
944           24.831        
945           24.831        
946           24.831        
947           24.831        
948           24.832        
949           24.831        
950           24.831        
951           24.831        
952           24.830        
953           24.830        
954           24.831        
955           24.831        
956           24.831        
957           24.831        
958           24.831        
959           24.831        
960           24.831        
961           24.831        
962           24.830        
963           24.830        
964           24.831        
965           24.831        
966           24.831        
967           24.830        
968           24.829        
969           24.829        
970           24.829        
971           24.829        
972           24.829        
973           24.830        
974           24.830        
975           24.830        
976           24.830        
977           24.829        
