3             24.735        
6             24.767        
9             24.787        
12            24.816        
15            24.848        
18            24.885        
21            24.914        
24            24.940        
27            24.952        
30            24.960        
33            24.961        
36            24.961        
39            24.955        
42            24.949        
45            24.942        
48            24.937        
51            24.928        
54            24.921        
57            24.916        
60            24.908        
63            24.899        
66            24.888        
69            24.880        
72            24.870        
75            24.862        
78            24.853        
81            24.845        
84            24.842        
87            24.843        
90            24.843        
93            24.845        
96            24.847        
99            24.853        
102           24.860        
105           24.857        
108           24.853        
111           24.848        
114           24.845        
117           24.837        
120           24.827        
123           24.825        
126           24.823        
129           24.821        
132           24.821        
135           24.828        
138           24.839        
141           24.862        
144           24.891        
147           24.914        
150           24.926        
153           24.929        
156           24.929        
159           24.927        
162           24.924        
165           24.919        
168           24.913        
171           24.908        
174           24.901        
177           24.894        
180           24.886        
183           24.878        
186           24.870        
189           24.862        
192           24.857        
195           24.853        
198           24.852        
201           24.856        
204           24.867        
207           24.868        
210           24.865        
213           24.860        
216           24.855        
219           24.852        
222           24.854        
225           24.854        
228           24.849        
231           24.845        
234           24.841        
237           24.837        
240           24.832        
243           24.831        
246           24.834        
249           24.834        
252           24.836        
255           24.846        
258           24.857        
261           24.864        
264           24.866        
267           24.866        
270           24.863        
273           24.861        
276           24.856        
279           24.853        
282           24.847        
285           24.840        
288           24.833        
291           24.831        
294           24.831        
297           24.831        
300           24.830        
303           24.825        
306           24.817        
309           24.811        
312           24.814        
315           24.831        
318           24.859        
321           24.884        
324           24.895        
327           24.908        
330           24.914        
333           24.914        
336           24.912        
339           24.909        
342           24.905        
345           24.900        
348           24.894        
351           24.887        
354           24.881        
357           24.875        
360           24.867        
363           24.862        
366           24.860        
369           24.858        
372           24.856        
375           24.856        
378           24.858        
381           24.858        
384           24.857        
387           24.853        
390           24.846        
393           24.841        
396           24.837        
399           24.834        
402           24.833        
405           24.831        
408           24.833        
411           24.827        
414           24.826        
417           24.827        
420           24.835        
423           24.851        
426           24.874        
429           24.907        
432           24.919        
435           24.924        
438           24.925        
441           24.923        
444           24.921        
447           24.916        
450           24.909        
453           24.905        
456           24.899        
459           24.894        
462           24.888        
465           24.880        
468           24.874        
471           24.866        
474           24.863        
477           24.862        
480           24.864        
483           24.867        
486           24.868        
489           24.866        
492           24.864        
495           24.859        
498           24.857        
501           24.860        
504           24.862        
507           24.865        
510           24.862        
513           24.859        
516           24.855        
519           24.860        
522           24.862        
525           24.861        
528           24.858        
531           24.850        
534           24.845        
537           24.839        
540           24.835        
543           24.836        
546           24.841        
549           24.848        
552           24.847        
555           24.843        
558           24.839        
561           24.834        
564           24.831        
567           24.827        
570           24.819        
573           24.813        
576           24.818        
579           24.834        
582           24.853        
585           24.873        
588           24.891        
591           24.910        
594           24.919        
597           24.921        
600           24.921        
603           24.920        
606           24.919        
609           24.915        
612           24.909        
615           24.905        
618           24.898        
621           24.891        
624           24.886        
627           24.880        
630           24.875        
633           24.866        
636           24.858        
639           24.855        
642           24.858        
645           24.863        
648           24.865        
651           24.865        
654           24.862        
657           24.864        
660           24.865        
663           24.865        
666           24.861        
669           24.858        
672           24.853        
675           24.849        
678           24.847        
681           24.841        
684           24.835        
687           24.833        
690           24.832        
693           24.833        
696           24.831        
699           24.827        
702           24.821        
705           24.818        
708           24.830        
711           24.848        
714           24.875        
717           24.900        
720           24.911        
723           24.914        
726           24.912        
729           24.911        
732           24.908        
735           24.903        
738           24.896        
741           24.890        
744           24.883        
747           24.877        
750           24.872        
753           24.865        
756           24.859        
759           24.858        
762           24.856        
765           24.857        
768           24.862        
771           24.864        
774           24.862        
777           24.853        
780           24.847        
783           24.842        
786           24.837        
789           24.835        
792           24.834        
795           24.833        
798           24.832        
801           24.829        
804           24.826        
807           24.821        
810           24.819        
813           24.830        
816           24.849        
819           24.880        
822           24.892        
825           24.899        
828           24.904        
831           24.905        
834           24.904        
837           24.901        
840           24.895        
843           24.888        
846           24.882        
849           24.875        
852           24.868        
855           24.863        
858           24.860        
861           24.856        
864           24.854        
867           24.861        
870           24.866        
873           24.868        
876           24.864        
879           24.859        
882           24.854        
885           24.846        
888           24.845        
891           24.844        
894           24.841        
897           24.841        
900           24.846        
903           24.850        
906           24.849        
909           24.846        
912           24.846        
915           24.848        
918           24.847        
921           24.851        
924           24.856        
927           24.860        
930           24.861        
933           24.858        
936           24.854        
