3             24.807        
6             24.805        
9             24.804        
12            24.803        
15            24.801        
18            24.799        
21            24.798        
24            24.796        
27            24.796        
30            24.793        
33            24.791        
36            24.790        
39            24.787        
42            24.787        
45            24.785        
48            24.784        
51            24.782        
54            24.780        
57            24.780        
60            24.778        
63            24.777        
66            24.775        
69            24.774        
72            24.772        
75            24.771        
78            24.770        
81            24.769        
84            24.768        
87            24.766        
90            24.764        
93            24.763        
96            24.761        
99            24.760        
102           24.759        
105           24.758        
108           24.756        
111           24.755        
114           24.753        
117           24.752        
120           24.750        
123           24.749        
126           24.748        
129           24.747        
132           24.745        
135           24.744        
138           24.743        
141           24.742        
144           24.741        
147           24.739        
150           24.738        
153           24.736        
156           24.735        
159           24.733        
162           24.731        
165           24.731        
168           24.729        
171           24.728        
174           24.726        
177           24.725        
180           24.724        
183           24.723        
186           24.721        
189           24.720        
192           24.719        
195           24.717        
198           24.716        
201           24.715        
204           24.713        
207           24.711        
210           24.711        
213           24.709        
216           24.708        
219           24.706        
222           24.704        
225           24.703        
228           24.702        
231           24.701        
234           24.701        
237           24.699        
240           24.698        
243           24.697        
246           24.695        
249           24.694        
252           24.692        
255           24.690        
258           24.689        
261           24.688        
264           24.686        
267           24.686        
270           24.685        
273           24.683        
276           24.687        
279           24.700        
282           24.729        
285           24.746        
288           24.778        
291           24.802        
294           24.809        
297           24.815        
300           24.823        
303           24.826        
306           24.828        
309           24.829        
312           24.830        
315           24.830        
318           24.830        
321           24.829        
324           24.828        
327           24.827        
330           24.827        
333           24.826        
336           24.824        
339           24.822        
342           24.821        
345           24.819        
348           24.818        
351           24.816        
354           24.816        
357           24.814        
360           24.813        
363           24.811        
366           24.810        
369           24.809        
372           24.808        
375           24.806        
378           24.804        
381           24.803        
384           24.802        
387           24.801        
390           24.799        
393           24.798        
396           24.797        
399           24.795        
402           24.794        
405           24.792        
408           24.790        
411           24.790        
414           24.788        
417           24.787        
420           24.786        
423           24.786        
426           24.784        
429           24.783        
432           24.781        
435           24.780        
438           24.779        
441           24.778        
444           24.776        
447           24.775        
450           24.774        
453           24.772        
456           24.772        
459           24.771        
462           24.769        
465           24.767        
468           24.766        
471           24.765        
474           24.764        
477           24.762        
480           24.761        
483           24.759        
486           24.757        
489           24.756        
492           24.756        
495           24.754        
498           24.753        
501           24.751        
504           24.749        
507           24.748        
510           24.746        
513           24.745        
516           24.744        
519           24.743        
522           24.741        
525           24.740        
528           24.738        
531           24.738        
534           24.737        
537           24.736        
540           24.735        
543           24.733        
546           24.732        
549           24.730        
552           24.729        
555           24.728        
558           24.726        
561           24.725        
564           24.723        
567           24.722        
570           24.721        
573           24.721        
576           24.719        
579           24.717        
582           24.716        
585           24.714        
588           24.713        
591           24.712        
594           24.711        
597           24.709        
600           24.708        
603           24.707        
606           24.705        
609           24.704        
612           24.702        
615           24.701        
618           24.700        
621           24.699        
624           24.698        
627           24.697        
630           24.695        
633           24.694        
636           24.692        
639           24.691        
642           24.690        
645           24.689        
648           24.687        
651           24.686        
654           24.685        
657           24.683        
660           24.682        
663           24.681        
666           24.685        
669           24.699        
672           24.720        
675           24.752        
678           24.784        
681           24.798        
684           24.802        
687           24.807        
690           24.809        
693           24.810        
696           24.810        
699           24.810        
702           24.810        
705           24.809        
708           24.809        
711           24.808        
714           24.808        
717           24.807        
720           24.806        
723           24.805        
726           24.804        
729           24.803        
732           24.802        
735           24.800        
738           24.799        
741           24.798        
744           24.796        
747           24.794        
750           24.793        
753           24.792        
756           24.790        
759           24.790        
762           24.788        
765           24.787        
768           24.786        
771           24.784        
774           24.783        
777           24.782        
780           24.781        
783           24.779        
786           24.778        
789           24.776        
792           24.775        
795           24.774        
798           24.772        
801           24.771        
804           24.770        
807           24.769        
810           24.767        
813           24.766        
816           24.765        
819           24.765        
822           24.763        
825           24.762        
828           24.760        
831           24.759        
834           24.757        
837           24.756        
840           24.755        
843           24.753        
846           24.752        
849           24.751        
852           24.749        
855           24.748        
858           24.746        
861           24.746        
864           24.745        
867           24.743        
870           24.741        
873           24.741        
876           24.739        
879           24.738        
882           24.737        
885           24.736        
888           24.734        
891           24.733        
894           24.731        
897           24.729        
900           24.728        
903           24.728        
906           24.726        
909           24.724        
912           24.722        
915           24.721        
918           24.721        
921           24.719        
924           24.718        
927           24.716        
930           24.716        
933           24.714        
936           24.713        
939           24.711        
942           24.711        
945           24.708        
948           24.708        
951           24.706        
954           24.705        
957           24.703        
960           24.702        
963           24.701        
966           24.700        
969           24.699        
972           24.698        
975           24.696        
978           24.695        
981           24.694        
984           24.693        
987           24.691        
990           24.691        
993           24.688        
996           24.687        
999           24.686        
1002          24.685        
1005          24.684        
1008          24.682        
1011          24.682        
1014          24.680        
1017          24.682        
1020          24.688        
1023          24.715        
1026          24.748        
1029          24.776        
1032          24.790        
1035          24.795        
1038          24.800        
1041          24.806        
1044          24.809        
1047          24.809        
1050          24.810        
1053          24.811        
1056          24.811        
1059          24.810        
1062          24.811        
1065          24.810        
1068          24.809        
1071          24.808        
1074          24.807        
1077          24.806        
1080          24.805        
1083          24.803        
1086          24.802        
1089          24.800        
1092          24.799        
1095          24.798        
1098          24.797        
1101          24.796        
1104          24.795        
1107          24.793        
1110          24.792        
1113          24.791        
1116          24.789        
1119          24.788        
1122          24.787        
1125          24.787        
1128          24.785        
1131          24.783        
1134          24.782        
1137          24.781        
1140          24.780        
1143          24.778        
1146          24.776        
1149          24.775        
1152          24.774        
1155          24.773        
1158          24.772        
1161          24.770        
1164          24.769        
1167          24.768        
1170          24.767        
1173          24.765        
1176          24.764        
1179          24.763        
1182          24.761        
1185          24.761        
1188          24.760        
1191          24.758        
1194          24.757        
1197          24.756        
1200          24.754        
1203          24.753        
1206          24.751        
1209          24.750        
1212          24.749        
1215          24.747        
1218          24.746        
1221          24.745        
1224          24.743        
1227          24.743        
1230          24.741        
1233          24.740        
1236          24.739        
1239          24.736        
1242          24.736        
1245          24.734        
1248          24.733        
1251          24.731        
1254          24.731        
1257          24.730        
1260          24.727        
1263          24.727        
1266          24.725        
1269          24.724        
1272          24.723        
1275          24.721        
1278          24.721        
1281          24.719        
1284          24.718        
1287          24.718        
1290          24.716        
1293          24.715        
1296          24.714        
1299          24.712        
1302          24.711        
1305          24.710        
1308          24.709        
1311          24.707        
1314          24.706        
1317          24.705        
1320          24.702        
1323          24.701        
1326          24.701        
1329          24.699        
1332          24.699        
1335          24.697        
1338          24.695        
1341          24.694        
1344          24.693        
1347          24.692        
1350          24.690        
1353          24.689        
1356          24.688        
1359          24.687        
1362          24.685        
1365          24.684        
1368          24.683        
1371          24.681        
1374          24.680        
1377          24.683        
1380          24.691        
1383          24.726        
1386          24.753        
1389          24.775        
1392          24.787        
1395          24.797        
1398          24.803        
1401          24.809        
1404          24.813        
1407          24.815        
1410          24.816        
1413          24.815        
1416          24.815        
1419          24.815        
1422          24.815        
1425          24.814        
1428          24.812        
1431          24.811        
1434          24.811        
1437          24.810        
1440          24.809        
1443          24.807        
1446          24.806        
1449          24.804        
1452          24.803        
1455          24.802        
1458          24.801        
1461          24.799        
1464          24.798        
1467          24.797        
1470          24.795        
1473          24.795        
1476          24.793        
1479          24.792        
1482          24.791        
1485          24.789        
1488          24.788        
1491          24.787        
1494          24.786        
1497          24.785        
1500          24.784        
1503          24.782        
1506          24.780        
1509          24.779        
1512          24.778        
1515          24.777        
1518          24.775        
1521          24.774        
1524          24.772        
1527          24.771        
1530          24.771        
1533          24.769        
1536          24.768        
1539          24.767        
1542          24.766        
1545          24.765        
1548          24.764        
1551          24.762        
1554          24.760        
1557          24.760        
1560          24.758        
1563          24.757        
1566          24.755        
1569          24.754        
1572          24.754        
1575          24.752        
1578          24.752        
1581          24.750        
1584          24.749        
1587          24.747        
1590          24.745        
1593          24.744        
1596          24.743        
1599          24.743        
1602          24.742        
1605          24.741        
1608          24.739        
1611          24.738        
1614          24.737        
1617          24.735        
1620          24.734        
1623          24.732        
1626          24.732        
1629          24.730        
1632          24.728        
1635          24.727        
