3             24.814        
6             24.809        
9             24.804        
12            24.795        
15            24.788        
18            24.784        
21            24.776        
24            24.769        
27            24.764        
30            24.757        
33            24.749        
36            24.743        
39            24.736        
42            24.730        
45            24.724        
48            24.721        
51            24.712        
54            24.701        
57            24.695        
60            24.694        
63            24.702        
66            24.723        
69            24.742        
72            24.765        
75            24.794        
78            24.801        
81            24.801        
84            24.801        
87            24.799        
90            24.797        
93            24.792        
96            24.783        
99            24.777        
102           24.771        
105           24.767        
108           24.763        
111           24.757        
114           24.751        
117           24.743        
120           24.737        
123           24.730        
126           24.723        
129           24.719        
132           24.712        
135           24.702        
138           24.696        
141           24.690        
144           24.687        
147           24.695        
150           24.717        
153           24.740        
156           24.768        
159           24.783        
162           24.789        
165           24.789        
168           24.789        
171           24.787        
174           24.785        
177           24.782        
180           24.778        
183           24.772        
186           24.765        
189           24.756        
192           24.752        
195           24.748        
198           24.742        
201           24.735        
204           24.728        
207           24.722        
210           24.713        
213           24.709        
216           24.702        
219           24.695        
222           24.692        
225           24.701        
228           24.719        
231           24.752        
234           24.784        
237           24.803        
240           24.809        
243           24.808        
246           24.807        
249           24.804        
252           24.800        
255           24.794        
258           24.784        
261           24.775        
264           24.771        
267           24.769        
270           24.764        
273           24.757        
276           24.751        
279           24.744        
282           24.737        
285           24.730        
288           24.723        
291           24.718        
294           24.713        
297           24.708        
300           24.699        
303           24.692        
306           24.688        
309           24.691        
312           24.701        
315           24.715        
318           24.743        
321           24.768        
324           24.778        
327           24.787        
330           24.792        
333           24.793        
336           24.794        
339           24.793        
342           24.785        
345           24.781        
348           24.776        
351           24.770        
354           24.763        
357           24.756        
360           24.749        
363           24.742        
366           24.734        
369           24.729        
372           24.726        
375           24.720        
378           24.712        
381           24.704        
384           24.696        
387           24.691        
390           24.693        
393           24.704        
396           24.718        
399           24.746        
402           24.788        
405           24.800        
408           24.800        
411           24.801        
414           24.800        
417           24.799        
420           24.796        
423           24.790        
426           24.787        
429           24.782        
432           24.775        
435           24.770        
438           24.765        
441           24.759        
444           24.752        
447           24.744        
450           24.738        
453           24.732        
456           24.725        
459           24.718        
462           24.712        
465           24.706        
468           24.699        
471           24.699        
474           24.704        
477           24.719        
480           24.743        
483           24.776        
486           24.792        
489           24.801        
492           24.804        
495           24.805        
498           24.802        
501           24.799        
504           24.794        
507           24.790        
510           24.788        
513           24.783        
516           24.774        
519           24.765        
522           24.760        
525           24.751        
528           24.747        
531           24.743        
534           24.737        
537           24.730        
540           24.722        
543           24.718        
546           24.710        
549           24.704        
552           24.699        
555           24.692        
558           24.696        
561           24.702        
564           24.721        
567           24.759        
570           24.781        
573           24.793        
576           24.798        
579           24.799        
582           24.800        
585           24.798        
588           24.794        
591           24.790        
594           24.787        
597           24.781        
600           24.775        
603           24.769        
606           24.762        
609           24.756        
612           24.751        
615           24.744        
618           24.738        
621           24.732        
624           24.724        
627           24.715        
630           24.709        
633           24.704        
636           24.697        
639           24.691        
642           24.688        
645           24.696        
648           24.717        
651           24.739        
654           24.765        
657           24.781        
660           24.795        
663           24.804        
666           24.807        
669           24.808        
672           24.807        
675           24.805        
678           24.800        
681           24.792        
684           24.788        
687           24.785        
