1             24.828        
2             24.828        
3             24.827        
4             24.827        
5             24.827        
6             24.827        
7             24.827        
8             24.827        
9             24.826        
10            24.826        
11            24.826        
12            24.826        
13            24.827        
14            24.826        
15            24.826        
16            24.826        
17            24.826        
18            24.826        
19            24.827        
20            24.827        
21            24.827        
22            24.828        
23            24.828        
24            24.828        
25            24.828        
26            24.828        
27            24.828        
28            24.828        
29            24.829        
30            24.828        
31            24.828        
32            24.828        
33            24.828        
34            24.828        
35            24.828        
36            24.828        
37            24.828        
38            24.829        
39            24.829        
40            24.829        
41            24.829        
42            24.829        
43            24.829        
44            24.829        
45            24.829        
46            24.828        
47            24.828        
48            24.829        
49            24.829        
50            24.829        
51            24.828        
52            24.828        
53            24.827        
54            24.826        
55            24.826        
56            24.825        
57            24.825        
58            24.825        
59            24.825        
60            24.825        
61            24.825        
62            24.825        
63            24.824        
64            24.824        
65            24.824        
66            24.825        
67            24.826        
68            24.827        
69            24.827        
70            24.827        
71            24.827        
72            24.828        
73            24.828        
74            24.828        
75            24.829        
76            24.828        
77            24.828        
78            24.828        
79            24.828        
80            24.827        
81            24.827        
82            24.827        
83            24.827        
84            24.827        
85            24.827        
86            24.827        
87            24.828        
88            24.828        
89            24.828        
90            24.828        
91            24.828        
92            24.827        
93            24.827        
94            24.827        
95            24.827        
96            24.827        
97            24.827        
98            24.829        
99            24.829        
100           24.829        
101           24.829        
102           24.829        
103           24.828        
104           24.828        
105           24.827        
106           24.828        
107           24.828        
108           24.828        
109           24.828        
110           24.829        
111           24.829        
112           24.829        
113           24.829        
114           24.829        
115           24.829        
116           24.830        
117           24.830        
118           24.830        
119           24.830        
120           24.830        
121           24.829        
122           24.830        
123           24.830        
124           24.830        
125           24.829        
126           24.828        
127           24.828        
128           24.828        
129           24.828        
130           24.828        
131           24.828        
132           24.828        
133           24.828        
134           24.828        
135           24.828        
136           24.828        
137           24.829        
138           24.829        
139           24.830        
140           24.830        
141           24.830        
142           24.829        
143           24.829        
144           24.829        
145           24.828        
146           24.828        
147           24.828        
148           24.828        
149           24.827        
150           24.827        
151           24.827        
152           24.828        
153           24.828        
154           24.827        
155           24.827        
156           24.827        
157           24.827        
158           24.827        
159           24.827        
160           24.828        
161           24.828        
162           24.827        
163           24.828        
164           24.828        
165           24.828        
166           24.828        
167           24.828        
168           24.828        
169           24.828        
170           24.828        
171           24.829        
172           24.829        
173           24.829        
174           24.829        
175           24.828        
176           24.828        
177           24.827        
178           24.827        
179           24.827        
180           24.827        
181           24.826        
182           24.826        
183           24.826        
184           24.827        
185           24.827        
186           24.828        
187           24.826        
188           24.826        
189           24.827        
190           24.827        
191           24.827        
192           24.826        
193           24.826        
194           24.826        
195           24.826        
196           24.827        
197           24.826        
198           24.827        
199           24.828        
200           24.828        
201           24.828        
202           24.829        
203           24.828        
204           24.828        
205           24.828        
206           24.828        
207           24.828        
208           24.828        
209           24.828        
210           24.828        
211           24.828        
212           24.827        
213           24.826        
214           24.827        
215           24.827        
216           24.827        
217           24.827        
218           24.826        
219           24.827        
220           24.827        
221           24.826        
222           24.826        
223           24.826        
224           24.827        
225           24.828        
226           24.829        
227           24.829        
228           24.829        
229           24.829        
230           24.829        
231           24.830        
232           24.829        
233           24.829        
234           24.829        
235           24.829        
236           24.828        
237           24.828        
238           24.828        
239           24.828        
240           24.827        
241           24.827        
242           24.828        
243           24.828        
244           24.827        
245           24.827        
246           24.828        
247           24.828        
248           24.828        
249           24.829        
250           24.829        
251           24.828        
252           24.828        
253           24.828        
254           24.828        
255           24.829        
256           24.828        
257           24.828        
258           24.828        
259           24.828        
260           24.828        
261           24.828        
262           24.829        
263           24.829        
264           24.829        
265           24.829        
266           24.829        
267           24.829        
268           24.828        
269           24.828        
270           24.829        
271           24.829        
272           24.829        
273           24.829        
274           24.829        
275           24.829        
276           24.829        
277           24.829        
278           24.829        
279           24.829        
280           24.829        
281           24.829        
282           24.829        
283           24.827        
284           24.827        
285           24.826        
286           24.826        
287           24.826        
288           24.826        
289           24.827        
290           24.827        
291           24.826        
292           24.826        
293           24.826        
294           24.825        
295           24.825        
296           24.825        
297           24.825        
298           24.825        
299           24.826        
300           24.826        
301           24.827        
302           24.826        
303           24.826        
304           24.826        
305           24.825        
306           24.824        
307           24.824        
308           24.824        
309           24.826        
310           24.826        
311           24.827        
312           24.827        
313           24.826        
314           24.825        
315           24.825        
316           24.825        
317           24.825        
318           24.825        
319           24.826        
320           24.825        
321           24.825        
322           24.825        
323           24.826        
324           24.827        
325           24.827        
326           24.827        
327           24.827        
328           24.829        
329           24.829        
330           24.829        
331           24.829        
332           24.829        
333           24.830        
334           24.831        
335           24.831        
336           24.830        
337           24.830        
338           24.830        
339           24.830        
340           24.829        
341           24.829        
342           24.828        
343           24.828        
344           24.829        
345           24.829        
346           24.830        
347           24.830        
348           24.829        
349           24.829        
350           24.828        
351           24.827        
352           24.826        
353           24.826        
354           24.826        
355           24.826        
356           24.826        
357           24.826        
358           24.826        
359           24.826        
360           24.827        
361           24.827        
362           24.827        
363           24.827        
364           24.826        
365           24.825        
366           24.825        
367           24.824        
368           24.824        
369           24.824        
370           24.825        
371           24.824        
372           24.825        
373           24.825        
374           24.825        
375           24.824        
376           24.825        
377           24.825        
378           24.825        
379           24.825        
380           24.824        
381           24.824        
382           24.825        
383           24.823        
384           24.823        
385           24.824        
386           24.824        
387           24.824        
388           24.824        
389           24.824        
390           24.824        
391           24.824        
392           24.824        
393           24.824        
394           24.824        
395           24.824        
396           24.824        
397           24.825        
398           24.825        
399           24.825        
400           24.825        
401           24.825        
402           24.826        
403           24.826        
404           24.825        
405           24.825        
406           24.825        
407           24.825        
408           24.825        
409           24.825        
410           24.826        
411           24.826        
412           24.826        
413           24.825        
414           24.826        
415           24.826        
416           24.825        
417           24.826        
418           24.827        
419           24.827        
420           24.827        
421           24.827        
422           24.828        
423           24.828        
424           24.828        
425           24.828        
426           24.828        
427           24.828        
428           24.828        
429           24.828        
430           24.828        
431           24.828        
432           24.827        
433           24.826        
434           24.826        
435           24.826        
436           24.827        
437           24.826        
438           24.826        
439           24.826        
440           24.827        
441           24.827        
442           24.827        
443           24.827        
444           24.827        
445           24.827        
446           24.827        
447           24.827        
448           24.827        
449           24.827        
450           24.827        
451           24.827        
452           24.827        
453           24.827        
454           24.827        
455           24.828        
456           24.828        
457           24.827        
458           24.827        
459           24.827        
460           24.827        
461           24.827        
462           24.827        
463           24.827        
464           24.827        
465           24.827        
466           24.827        
467           24.827        
468           24.827        
469           24.828        
470           24.828        
471           24.828        
472           24.828        
473           24.828        
474           24.828        
475           24.828        
476           24.829        
477           24.828        
478           24.828        
479           24.828        
480           24.828        
481           24.828        
482           24.826        
483           24.826        
484           24.827        
485           24.827        
486           24.827        
487           24.827        
488           24.828        
489           24.828        
490           24.827        
491           24.828        
492           24.829        
493           24.829        
494           24.829        
495           24.829        
496           24.829        
497           24.829        
498           24.830        
499           24.830        
500           24.831        
501           24.831        
502           24.831        
503           24.831        
504           24.831        
505           24.831        
506           24.831        
507           24.831        
508           24.830        
509           24.830        
510           24.830        
511           24.830        
512           24.830        
513           24.830        
514           24.830        
515           24.831        
516           24.831        
517           24.831        
518           24.831        
519           24.831        
520           24.831        
521           24.830        
522           24.830        
523           24.829        
524           24.829        
525           24.829        
526           24.828        
527           24.828        
528           24.828        
529           24.829        
530           24.828        
531           24.829        
532           24.829        
533           24.829        
534           24.829        
535           24.830        
536           24.830        
537           24.830        
538           24.830        
539           24.829        
540           24.829        
541           24.830        
542           24.831        
543           24.830        
544           24.829        
545           24.829        
546           24.829        
547           24.830        
548           24.829        
549           24.829        
550           24.830        
551           24.830        
552           24.830        
553           24.830        
554           24.829        
555           24.828        
556           24.828        
557           24.828        
558           24.828        
559           24.828        
560           24.828        
561           24.829        
562           24.829        
563           24.828        
564           24.827        
565           24.828        
566           24.828        
567           24.828        
568           24.829        
569           24.828        
570           24.828        
571           24.828        
572           24.828        
573           24.828        
574           24.828        
575           24.829        
576           24.829        
577           24.828        
578           24.829        
579           24.829        
580           24.828        
581           24.829        
582           24.830        
583           24.830        
584           24.830        
585           24.830        
586           24.830        
587           24.829        
588           24.829        
589           24.829        
590           24.830        
591           24.830        
592           24.829        
593           24.829        
594           24.829        
595           24.829        
596           24.829        
597           24.828        
598           24.829        
599           24.828        
600           24.829        
601           24.829        
602           24.829        
603           24.830        
604           24.830        
605           24.830        
606           24.829        
607           24.829        
608           24.828        
609           24.828        
610           24.827        
611           24.828        
612           24.827        
613           24.827        
614           24.827        
615           24.827        
616           24.826        
617           24.826        
618           24.826        
619           24.826        
620           24.825        
621           24.824        
622           24.825        
623           24.824        
624           24.823        
625           24.824        
626           24.824        
627           24.824        
628           24.824        
629           24.824        
630           24.824        
631           24.824        
632           24.825        
633           24.825        
634           24.824        
635           24.824        
636           24.824        
637           24.825        
638           24.825        
639           24.824        
640           24.824        
641           24.824        
642           24.824        
643           24.824        
644           24.824        
645           24.824        
646           24.823        
647           24.823        
648           24.823        
649           24.823        
650           24.823        
651           24.823        
652           24.823        
653           24.823        
654           24.823        
655           24.823        
656           24.823        
657           24.822        
658           24.821        
659           24.822        
660           24.822        
661           24.822        
662           24.822        
663           24.822        
664           24.822        
665           24.822        
666           24.823        
667           24.824        
668           24.824        
669           24.823        
670           24.823        
671           24.823        
672           24.823        
673           24.822        
674           24.822        
675           24.823        
676           24.824        
677           24.823        
678           24.823        
679           24.823        
680           24.823        
681           24.824        
682           24.824        
683           24.825        
684           24.824        
685           24.825        
686           24.825        
687           24.824        
688           24.824        
689           24.824        
690           24.824        
691           24.824        
692           24.824        
693           24.824        
694           24.823        
695           24.823        
696           24.823        
697           24.824        
698           24.824        
699           24.823        
700           24.823        
701           24.823        
702           24.822        
703           24.823        
704           24.822        
705           24.821        
706           24.822        
707           24.823        
708           24.823        
709           24.823        
710           24.823        
711           24.823        
712           24.823        
713           24.823        
714           24.823        
715           24.822        
716           24.821        
717           24.821        
718           24.821        
719           24.821        
720           24.821        
721           24.821        
722           24.822        
723           24.822        
724           24.822        
725           24.823        
726           24.823        
727           24.823        
728           24.823        
729           24.822        
730           24.822        
731           24.822        
732           24.822        
733           24.823        
734           24.823        
735           24.822        
736           24.821        
737           24.821        
738           24.821        
739           24.820        
740           24.820        
741           24.821        
742           24.821        
743           24.822        
744           24.823        
745           24.822        
746           24.821        
747           24.821        
748           24.821        
749           24.821        
750           24.821        
751           24.821        
752           24.821        
753           24.822        
754           24.822        
755           24.822        
756           24.822        
757           24.823        
758           24.822        
759           24.822        
760           24.822        
761           24.822        
762           24.822        
763           24.823        
764           24.822        
765           24.823        
766           24.823        
767           24.822        
768           24.822        
769           24.822        
770           24.821        
771           24.821        
772           24.821        
773           24.821        
774           24.821        
775           24.821        
776           24.821        
777           24.822        
778           24.821        
779           24.822        
780           24.822        
781           24.822        
782           24.822        
783           24.821        
784           24.821        
785           24.821        
786           24.820        
787           24.820        
788           24.819        
789           24.819        
790           24.819        
791           24.819        
792           24.819        
793           24.819        
794           24.819        
795           24.820        
796           24.821        
797           24.821        
798           24.820        
799           24.820        
800           24.820        
801           24.821        
802           24.821        
803           24.821        
804           24.823        
805           24.822        
806           24.823        
807           24.823        
808           24.823        
809           24.823        
810           24.822        
811           24.822        
812           24.822        
813           24.822        
814           24.821        
