±½¼×Ëá  
21.700
10.000
1             29.989        
2             29.988        
3             29.987        
4             29.985        
5             29.982        
6             29.980        
7             29.977        
8             29.976        
9             29.975        
10            29.973        
11            29.970        
12            29.968        
13            29.964        
14            29.963        
15            29.961        
16            29.961        
17            29.960        
18            29.957        
19            29.955        
20            29.953        
21            29.950        
22            29.950        
23            29.948        
24            29.947        
25            29.945        
26            29.941        
27            29.940        
28            29.938        
29            29.937        
30            29.935        
31            29.931        
32            29.929        
33            29.926        
34            29.922        
35            29.920        
36            29.916        
37            29.914        
38            29.913        
39            29.909        
40            29.907        
41            29.903        
42            29.903        
43            29.902        
44            29.899        
45            29.896        
46            29.893        
47            29.889        
48            29.886        
49            29.883        
50            29.881        
51            29.881        
52            29.878        
53            29.876        
54            29.874        
55            29.871        
56            29.868        
57            29.861        
58            29.857        
59            29.854        
60            29.848        
61            29.847        
62            29.843        
63            29.842        
64            29.841        
65            29.838        
66            29.838        
67            29.838        
68            29.836        
69            29.836        
70            29.834        
71            29.833        
72            29.832        
73            29.830        
74            29.828        
75            29.826        
76            29.820        
77            29.818        
78            29.815        
79            29.813        
80            29.812        
81            29.809        
82            29.806        
83            29.799        
84            29.796        
85            29.793        
86            29.787        
87            29.786        
88            29.786        
89            29.787        
90            29.786        
91            29.786        
92            29.784        
93            29.782        
94            29.777        
95            29.774        
96            29.772        
97            29.769        
98            29.767        
99            29.762        
100           29.760        
101           29.758        
102           29.754        
103           29.753        
104           29.752        
105           29.751        
106           29.751        
107           29.750        
108           29.749        
109           29.748        
110           29.747        
111           29.746        
112           29.744        
113           29.743        
114           29.742        
115           29.739        
116           29.737        
117           29.733        
118           29.729        
119           29.728        
120           29.723        
121           29.721        
122           29.720        
123           29.717        
124           29.715        
125           29.712        
126           29.711        
127           29.709        
128           29.706        
129           29.703        
130           29.700        
131           29.695        
132           29.694        
133           29.692        
134           29.691        
135           29.690        
136           29.689        
137           29.688        
138           29.687        
139           29.685        
140           29.685        
141           29.684        
142           29.683        
143           29.682        
144           29.679        
145           29.678        
146           29.677        
147           29.676        
148           29.676        
149           29.671        
150           29.670        
151           29.667        
152           29.664        
153           29.663        
154           29.663        
155           29.663        
156           29.662        
157           29.663        
158           29.663        
159           29.663        
160           29.664        
161           29.663        
162           29.662        
163           29.662        
164           29.662        
165           29.659        
166           29.657        
167           29.652        
168           29.649        
169           29.646        
170           29.641        
171           29.640        
172           29.639        
173           29.638        
174           29.638        
175           29.639        
176           29.640        
177           29.640        
178           29.641        
179           29.642        
180           29.642        
181           29.643        
182           29.644        
183           29.644        
184           29.643        
185           29.642        
186           29.640        
187           29.640        
188           29.639        
189           29.639        
190           29.639        
191           29.638        
192           29.638        
193           29.638        
194           29.638        
195           29.637        
196           29.634        
197           29.632        
198           29.632        
199           29.633        
200           29.632        
201           29.632        
202           29.631        
203           29.631        
204           29.631        
205           29.630        
206           29.630        
207           29.631        
208           29.629        
209           29.628        
210           29.627        
211           29.626        
212           29.622        
213           29.621        
214           29.621        
215           29.623        
216           29.624        
217           29.626        
218           29.626        
219           29.626        
220           29.626        
221           29.627        
222           29.626        
223           29.624        
224           29.622        
225           29.618        
226           29.617        
227           29.616        
228           29.616        
229           29.617        
230           29.618        
231           29.618        
232           29.619        
233           29.622        
234           29.623        
235           29.623        
236           29.624        
237           29.626        
238           29.630        
239           29.631        
240           29.632        
241           29.634        
242           29.635        
243           29.636        
244           29.635        
245           29.636        
246           29.636        
247           29.636        
248           29.637        
249           29.640        
250           29.640        
251           29.640        
252           29.638        
253           29.636        
254           29.633        
255           29.633        
256           29.635        
257           29.638        
258           29.640        
259           29.643        
260           29.644        
261           29.646        
262           29.649        
263           29.650        
264           29.652        
265           29.655        
266           29.655        
267           29.656        
268           29.655        
269           29.653        
270           29.652        
271           29.650        
272           29.646        
273           29.647        
274           29.648        
275           29.649        
276           29.651        
277           29.654        
278           29.660        
279           29.662        
280           29.666        
281           29.668        
282           29.670        
283           29.672        
284           29.672        
285           29.675        
286           29.677        
287           29.678        
288           29.676        
289           29.675        
290           29.675        
291           29.674        
292           29.675        
293           29.676        
294           29.677        
295           29.679        
296           29.683        
297           29.685        
298           29.686        
299           29.690        
300           29.691        
301           29.695        
302           29.696        
303           29.698        
304           29.700        
305           29.700        
306           29.701        
307           29.702        
308           29.705        
309           29.706        
310           29.707        
311           29.708        
312           29.709        
313           29.710        
314           29.712        
315           29.713        
316           29.712        
317           29.712        
318           29.712        
319           29.712        
320           29.713        
321           29.713        
322           29.713        
323           29.712        
324           29.712        
325           29.712        
326           29.712        
327           29.709        
328           29.710        
329           29.710        
330           29.715        
331           29.718        
332           29.722        
333           29.728        
334           29.730        
335           29.735        
336           29.737        
337           29.739        
338           29.741        
339           29.741        
340           29.742        
341           29.746        
342           29.748        
343           29.750        
344           29.751        
345           29.752        
346           29.755        
347           29.755        
348           29.754        
349           29.754        
350           29.753        
351           29.752        
352           29.753        
353           29.754        
354           29.754        
355           29.753        
356           29.754        
357           29.755        
358           29.757        
359           29.759        
360           29.759        
361           29.760        
362           29.761        
363           29.761        
364           29.764        
365           29.767        
366           29.768        
367           29.768        
368           29.768        
369           29.767        
370           29.768        
371           29.769        
372           29.772        
373           29.776        
374           29.779        
375           29.784        
376           29.787        
377           29.789        
378           29.788        
379           29.786        
380           29.785        
381           29.785        
382           29.785        
383           29.786        
384           29.787        
385           29.791        
386           29.792        
387           29.792        
388           29.793        
389           29.794        
390           29.795        
391           29.795        
392           29.794        
393           29.795        
394           29.795        
395           29.796        
396           29.796        
397           29.796        
398           29.796        
399           29.797        
400           29.797        
401           29.798        
402           29.800        
403           29.800        
404           29.803        
405           29.803        
406           29.804        
407           29.805        
408           29.805        
409           29.804        
410           29.804        
411           29.802        
412           29.803        
413           29.802        
414           29.799        
415           29.797        
416           29.794        
417           29.788        
418           29.786        
419           29.778        
420           29.775        
421           29.773        
422           29.769        
423           29.768        
424           29.767        
425           29.767        
426           29.767        
427           29.767        
428           29.768        
429           29.767        
430           29.767        
431           29.767        
432           29.768        
433           29.767        
434           29.767        
435           29.767        
436           29.766        
437           29.765        
438           29.764        
439           29.762        
440           29.759        
441           29.756        
442           29.754        
443           29.751        
444           29.750        
445           29.749        
446           29.747        
447           29.746        
448           29.743        
449           29.742        
450           29.740        
451           29.738        
452           29.737        
453           29.735        
454           29.734        
455           29.733        
456           29.732        
457           29.732        
458           29.731        
459           29.730        
460           29.729        
461           29.728        
462           29.728        
463           29.727        
464           29.725        
465           29.726        
466           29.725        
467           29.724        
468           29.723        
469           29.722        
470           29.722        
471           29.721        
472           29.720        
473           29.720        
474           29.720        
475           29.719        
476           29.720        
477           29.721        
478           29.722        
479           29.722        
480           29.724        
481           29.725        
482           29.726        
483           29.727        
484           29.727        
485           29.727        
486           29.728        
487           29.728        
488           29.729        
489           29.729        
490           29.729        
491           29.729        
492           29.730        
493           29.729        
494           29.729        
495           29.729        
496           29.729        
497           29.729        
498           29.730        
499           29.730        
500           29.730        
501           29.730        
502           29.730        
503           29.730        
504           29.730        
505           29.730        
506           29.731        
507           29.731        
508           29.730        
509           29.731        
510           29.731        
511           29.732        
512           29.732        
513           29.731        
514           29.732        
515           29.732        
516           29.732        
517           29.732        
518           29.733        
519           29.734        
520           29.734        
521           29.735        
522           29.737        
523           29.739        
524           29.744        
525           29.746        
526           29.746        
527           29.748        
528           29.749        
529           29.750        
530           29.751        
531           29.751        
532           29.752        
533           29.753        
534           29.754        
535           29.757        
536           29.758        
537           29.760        
538           29.760        
539           29.761        
540           29.762        
541           29.762        
542           29.764        
543           29.767        
544           29.768        
545           29.769        
546           29.769        
547           29.769        
548           29.766        
549           29.766        
550           29.764        
551           29.763        
552           29.762        
553           29.760        
554           29.760        
555           29.759        
556           29.759        
557           29.759        
558           29.759        
559           29.760        
560           29.762        
561           29.765        
562           29.767        
563           29.768        
564           29.772        
565           29.773        
566           29.776        
567           29.777        
568           29.779        
569           29.781        
570           29.782        
571           29.786        
572           29.789        
573           29.791        
574           29.794        
575           29.795        
576           29.797        
577           29.798        
578           29.798        
579           29.800        
580           29.799        
581           29.799        
582           29.799        
583           29.798        
584           29.799        
585           29.803        
586           29.805        
587           29.809        
588           29.811        
589           29.813        
590           29.815        
591           29.816        
592           29.816        
593           29.816        
594           29.818        
595           29.820        
596           29.821        
597           29.821        
598           29.820        
599           29.821        
600           29.821        
601           29.822        
602           29.822        
603           29.822        
604           29.822        
605           29.822        
606           29.820        
607           29.820        
608           29.819        
609           29.818        
610           29.817        
611           29.818        
612           29.818        
613           29.818        
614           29.818        
615           29.817        
616           29.815        
617           29.814        
618           29.813        
619           29.809        
620           29.808        
621           29.805        
622           29.804        
623           29.804        
624           29.800        
625           29.799        
626           29.799        
627           29.795        
628           29.795        
629           29.794        
630           29.793        
631           29.792        
632           29.789        
633           29.787        
634           29.781        
635           29.778        
636           29.775        
637           29.769        
638           29.766        
639           29.764        
640           29.760        
641           29.759        
642           29.755        
643           29.753        
644           29.751        
645           29.748        
646           29.746        
647           29.744        
648           29.741        
649           29.740        
650           29.737        
651           29.736        
652           29.735        
653           29.732        
654           29.731        
655           29.728        
656           29.727        
657           29.725        
658           29.720        
659           29.719        
660           29.717        
661           29.715        
662           29.714        
663           29.711        
664           29.711        
665           29.710        
666           29.707        
667           29.706        
668           29.702        
669           29.698        
670           29.697        
671           29.695        
672           29.694        
673           29.695        
674           29.697        
675           29.697        
676           29.697        
677           29.697        
678           29.697        
679           29.697        
680           29.697        
681           29.698        
682           29.698        
683           29.699        
684           29.699        
685           29.699        
686           29.699        
687           29.701        
688           29.701        
689           29.701        
690           29.702        
691           29.701        
692           29.701        
693           29.701        
694           29.700        
695           29.700        
696           29.699        
697           29.697        
698           29.697        
699           29.698        
700           29.698        
701           29.699        
702           29.699        
703           29.701        
704           29.701        
705           29.703        
706           29.704        
707           29.705        
708           29.708        
709           29.709        
710           29.711        
711           29.713        
712           29.714        
713           29.716        
714           29.718        
715           29.720        
716           29.722        
717           29.723        
718           29.726        
719           29.727        
720           29.728        
721           29.733        
722           29.735        
723           29.736        
724           29.738        
725           29.739        
726           29.742        
727           29.742        
728           29.743        
729           29.744        
730           29.743        
731           29.743        
732           29.743        
733           29.744        
734           29.746        
735           29.746        
736           29.746        
737           29.746        
738           29.747        
739           29.748        
740           29.748        
741           29.748        
742           29.748        
743           29.748        
744           29.747        
745           29.748        
746           29.748        
747           29.752        
748           29.754        
749           29.757        
750           29.763        
751           29.765        
752           29.768        
753           29.769        
754           29.771        
755           29.773        
756           29.773        
757           29.775        
758           29.777        
759           29.779        
760           29.782        
761           29.782        
762           29.783        
763           29.783        
764           29.784        
765           29.785        
766           29.790        
767           29.794        
768           29.800        
769           29.803        
770           29.807        
771           29.813        
772           29.816        
773           29.821        
774           29.822        
775           29.824        
776           29.826        
777           29.827        
778           29.827        
779           29.827        
780           29.827        
781           29.826        
782           29.825        
783           29.824        
784           29.823        
785           29.822        
786           29.822        
787           29.822        
788           29.821        
789           29.821        
790           29.822        
791           29.823        
792           29.827        
793           29.829        
794           29.832        
795           29.833        
796           29.832        
797           29.833        
798           29.833        
799           29.832        
800           29.829        
801           29.827        
802           29.824        
803           29.823        
804           29.822        
805           29.823        
806           29.824        
807           29.824        
808           29.826        
809           29.828        
810           29.829        
811           29.830        
812           29.832        
813           29.834        
814           29.834        
815           29.835        
816           29.836        
817           29.836        
818           29.832        
819           29.829        
820           29.827        
821           29.825        
822           29.823        
823           29.822        
824           29.821        
825           29.821        
826           29.820        
827           29.819        
828           29.818        
829           29.816        
830           29.814        
831           29.811        
832           29.810        
833           29.808        
834           29.804        
835           29.802        
836           29.800        
837           29.799        
838           29.797        
839           29.794        
840           29.793        
841           29.791        
842           29.787        
843           29.784        
844           29.781        
845           29.780        
846           29.779        
847           29.776        
848           29.775        
849           29.773        
850           29.771        
851           29.769        
852           29.765        
853           29.764        
854           29.762        
855           29.759        
856           29.757        
857           29.755        
858           29.753        
859           29.750        
860           29.748        
861           29.746        
862           29.744        
863           29.739        
864           29.737        
865           29.733        
866           29.733        
867           29.732        
868           29.729        
869           29.729        
870           29.728        
871           29.728        
872           29.728        
873           29.728        
874           29.727        
875           29.725        
876           29.723        
877           29.722        
878           29.720        
879           29.718        
880           29.717        
881           29.716        
882           29.715        
883           29.713        
884           29.708        
885           29.706        
886           29.704        
887           29.702        
888           29.701        
889           29.699        
890           29.698        
891           29.698        
892           29.698        
893           29.698        
894           29.697        
895           29.696        
896           29.696        
897           29.697        
898           29.698        
899           29.701        
900           29.703        
901           29.704        
902           29.707        
903           29.708        
904           29.708        
905           29.709        
906           29.709        
907           29.710        
908           29.709        
909           29.709        
910           29.711        
911           29.712        
912           29.712        
913           29.712        
914           29.712        
915           29.712        
916           29.711        
917           29.710        
918           29.710        
919           29.710        
920           29.710        
921           29.710        
922           29.712        
923           29.717        
924           29.721        
925           29.724        
926           29.728        
927           29.730        
928           29.735        
929           29.738        
930           29.739        
931           29.740        
932           29.740        
933           29.742        
934           29.745        
935           29.747        
936           29.751        
937           29.753        
938           29.755        
939           29.758        
940           29.760        
941           29.762        
942           29.763        
943           29.764        
944           29.768        
945           29.769        
946           29.772        
947           29.777        
948           29.780        
949           29.785        
950           29.787        
951           29.788        
952           29.790        
953           29.791        
954           29.792        
955           29.792        
956           29.792        
957           29.790        
958           29.790        
959           29.792        
960           29.794        
961           29.797        
962           29.803        
963           29.805        
964           29.808        
965           29.813        
966           29.815        
967           29.817        
968           29.820        
969           29.822        
970           29.825        
971           29.825        
972           29.827        
973           29.829        
974           29.831        
975           29.833        
976           29.837        
977           29.838        
978           29.840        
979           29.839        
980           29.838        
981           29.834        
982           29.832        
983           29.829        
984           29.828        
985           29.828        
986           29.830        
987           29.832        
988           29.833        
989           29.833        
990           29.833        
991           29.834        
992           29.835        
993           29.835        
994           29.837        
995           29.838        
996           29.839        
997           29.840        
998           29.841        
999           29.843        
1000          29.844        
1001          29.844        
1002          29.843        
1003          29.842        
1004          29.842        
1005          29.841        
1006          29.841        
1007          29.839        
1008          29.837        
1009          29.836        
1010          29.833        
1011          29.831        
1012          29.829        
1013          29.829        
1014          29.827        
1015          29.826        
1016          29.824        
1017          29.823        
1018          29.819        
1019          29.818        
1020          29.816        
1021          29.815        
1022          29.812        
1023          29.807        
1024          29.803        
1025          29.797        
1026          29.794        
1027          29.791        
1028          29.786        
1029          29.784        
1030          29.782        
1031          29.780        
1032          29.779        
1033          29.777        
1034          29.776        
1035          29.776        
1036          29.774        
1037          29.772        
1038          29.771        
1039          29.767        
1040          29.765        
1041          29.761        
1042          29.759        
1043          29.758        
1044          29.755        
1045          29.752        
1046          29.750        
1047          29.750        
1048          29.750        
1049          29.748        
1050          29.747        
1051          29.746        
1052          29.744        
1053          29.744        
1054          29.743        
1055          29.743        
1056          29.742        
1057          29.741        
1058          29.740        
1059          29.740        
1060          29.737        
1061          29.736        
1062          29.733        
1063          29.732        
1064          29.731        
1065          29.729        
1066          29.728        
1067          29.727        
1068          29.725        
1069          29.725        
1070          29.724        
1071          29.723        
1072          29.723        
1073          29.722        
1074          29.722        
1075          29.723        
1076          29.724        
1077          29.724        
1078          29.727        
1079          29.728        
1080          29.732        
1081          29.735        
1082          29.736        
1083          29.738        
1084          29.739        
1085          29.740        
1086          29.740        
1087          29.739        
1088          29.740        
1089          29.740        
1090          29.740        
1091          29.740        
1092          29.740        
1093          29.741        
1094          29.741        
1095          29.742        
1096          29.744        
1097          29.746        
1098          29.748        
1099          29.751        
1100          29.753        
1101          29.756        
1102          29.762        
1103          29.766        
1104          29.772        
1105          29.774        
1106          29.777        
1107          29.782        
1108          29.784        
1109          29.788        
1110          29.790        
1111          29.791        
1112          29.794        
1113          29.795        
1114          29.796        
1115          29.796        
1116          29.797        
1117          29.800        
1118          29.801        
1119          29.802        
1120          29.805        
1121          29.805        
1122          29.805        
1123          29.804        
1124          29.804        
1125          29.805        
1126          29.805        
1127          29.806        
1128          29.807        
1129          29.808        
1130          29.809        
1131          29.810        
1132          29.810        
1133          29.812        
1134          29.814        
1135          29.816        
1136          29.818        
1137          29.819        
1138          29.821        
1139          29.822        
1140          29.824        
1141          29.827        
1142          29.828        
1143          29.830        
1144          29.832        
1145          29.832        
1146          29.832        
1147          29.833        
1148          29.832        
1149          29.831        
1150          29.830        
1151          29.829        
1152          29.828        
1153          29.826        
1154          29.823        
1155          29.821        
1156          29.819        
1157          29.816        
1158          29.814        
1159          29.811        
1160          29.810        
1161          29.809        
1162          29.806        
1163          29.805        
1164          29.804        
1165          29.803        
1166          29.802        
1167          29.799        
1168          29.798        
1169          29.797        
1170          29.794        
1171          29.792        
1172          29.784        
1173          29.781        
1174          29.778        
1175          29.774        
1176          29.773        
1177          29.773        
1178          29.773        
1179          29.773        
1180          29.774        
1181          29.774        
1182          29.775        
1183          29.774        
1184          29.773        
1185          29.772        
1186          29.770        
1187          29.768        
1188          29.764        
1189          29.761        
1190          29.757        
1191          29.749        
1192          29.746        
1193          29.741        
1194          29.739        
1195          29.739        
1196          29.737        
1197          29.736        
1198          29.734        
1199          29.732        
1200          29.732        
1201          29.730        
1202          29.729        
1203          29.728        
1204          29.727        
1205          29.724        
1206          29.719        
1207          29.719        
1208          29.718        
1209          29.716        
1210          29.716        
1211          29.717        
1212          29.717        
1213          29.717        
1214          29.717        
1215          29.717        
1216          29.718        
1217          29.720        
1218          29.720        
1219          29.722        
1220          29.724        
1221          29.724        
1222          29.726        
1223          29.727        
1224          29.728        
1225          29.728        
1226          29.729        
1227          29.733        
1228          29.735        
1229          29.736        
1230          29.738        
1231          29.739        
1232          29.740        
1233          29.742        
1234          29.743        
1235          29.744        
1236          29.744        
1237          29.744        
