±½¼×Ëá  
17.100
10.000
3             29.977        
6             29.973        
9             29.971        
12            29.967        
15            29.963        
18            29.960        
21            29.957        
24            29.954        
27            29.950        
30            29.948        
33            29.945        
36            29.942        
39            29.940        
42            29.937        
45            29.933        
48            29.931        
51            29.929        
54            29.927        
57            29.924        
60            29.920        
63            29.916        
66            29.913        
69            29.910        
72            29.906        
75            29.904        
78            29.902        
81            29.900        
84            29.898        
87            29.895        
90            29.890        
93            29.887        
96            29.885        
99            29.882        
102           29.880        
105           29.877        
108           29.875        
111           29.873        
114           29.871        
117           29.868        
120           29.865        
123           29.863        
126           29.860        
129           29.858        
132           29.855        
135           29.852        
138           29.848        
141           29.844        
144           29.841        
147           29.838        
150           29.835        
153           29.832        
156           29.828        
159           29.825        
162           29.822        
165           29.820        
168           29.818        
171           29.816        
174           29.813        
177           29.808        
180           29.804        
183           29.801        
186           29.798        
189           29.793        
192           29.791        
195           29.789        
198           29.788        
201           29.786        
204           29.784        
207           29.781        
210           29.779        
213           29.775        
216           29.774        
219           29.771        
222           29.768        
225           29.765        
228           29.761        
231           29.759        
234           29.754        
237           29.751        
240           29.749        
243           29.745        
246           29.743        
249           29.741        
252           29.739        
255           29.737        
258           29.734        
261           29.732        
264           29.729        
267           29.727        
270           29.724        
273           29.723        
276           29.721        
279           29.718        
282           29.716        
285           29.713        
288           29.710        
291           29.708        
294           29.706        
297           29.705        
300           29.703        
303           29.702        
306           29.701        
309           29.700        
312           29.700        
315           29.700        
318           29.700        
321           29.699        
324           29.699        
327           29.699        
330           29.698        
333           29.703        
336           29.708        
339           29.712        
342           29.715        
345           29.719        
348           29.721        
351           29.724        
354           29.726        
357           29.727        
360           29.729        
363           29.736        
366           29.742        
369           29.751        
372           29.760        
375           29.767        
378           29.771        
381           29.774        
384           29.781        
387           29.781        
390           29.781        
393           29.784        
396           29.789        
399           29.793        
402           29.795        
405           29.799        
408           29.802        
411           29.807        
414           29.811        
417           29.813        
420           29.815        
423           29.817        
426           29.818        
429           29.818        
432           29.818        
435           29.818        
438           29.816        
441           29.816        
444           29.814        
447           29.813        
450           29.811        
453           29.808        
456           29.806        
459           29.803        
462           29.801        
465           29.798        
468           29.796        
471           29.793        
474           29.790        
477           29.787        
480           29.785        
483           29.782        
486           29.780        
489           29.777        
492           29.775        
495           29.773        
498           29.770        
501           29.766        
504           29.763        
507           29.760        
510           29.758        
513           29.754        
516           29.752        
519           29.748        
522           29.746        
525           29.743        
528           29.740        
531           29.738        
534           29.736        
537           29.734        
540           29.731        
543           29.730        
546           29.728        
549           29.727        
552           29.728        
555           29.726        
558           29.725        
561           29.725        
564           29.726        
567           29.726        
570           29.727        
573           29.726        
576           29.727        
579           29.728        
582           29.731        
585           29.733        
588           29.733        
591           29.733        
594           29.731        
597           29.728        
600           29.735        
603           29.739        
606           29.746        
609           29.750        
612           29.751        
615           29.757        
618           29.762        
621           29.767        
624           29.771        
627           29.775        
630           29.777        
633           29.781        
636           29.786        
639           29.789        
642           29.789        
645           29.790        
648           29.795        
651           29.799        
654           29.801        
657           29.804        
660           29.804        
663           29.806        
666           29.807        
669           29.807        
672           29.807        
675           29.807        
678           29.807        
681           29.806        
684           29.804        
687           29.803        
690           29.801        
693           29.799        
696           29.796        
699           29.794        
702           29.792        
705           29.790        
708           29.788        
711           29.784        
714           29.782        
717           29.781        
720           29.778        
723           29.776        
726           29.772        
729           29.770        
732           29.768        
735           29.765        
738           29.762        
741           29.760        
744           29.757        
747           29.752        
750           29.749        
753           29.748        
756           29.745        
759           29.743        
762           29.742        
765           29.740        
768           29.736        
771           29.733        
774           29.731        
777           29.730        
780           29.728        
783           29.727        
786           29.725        
789           29.724        
792           29.723        
795           29.724        
798           29.725        
801           29.727        
804           29.728        
807           29.728        
810           29.730        
813           29.734        
816           29.737        
819           29.739        
822           29.741        
825           29.744        
828           29.746        
831           29.748        
834           29.752        
837           29.755        
840           29.756        
843           29.761        
846           29.767        
849           29.771        
852           29.773        
855           29.773        
858           29.775        
861           29.778        
864           29.783        
867           29.789        
870           29.795        
873           29.799        
876           29.802        
879           29.807        
882           29.812        
885           29.814        
888           29.816        
891           29.819        
894           29.818        
897           29.818        
900           29.816        
903           29.812        
906           29.812        
909           29.812        
912           29.813        
915           29.812        
918           29.812        
921           29.810        
924           29.808        
927           29.806        
930           29.805        
933           29.804        
936           29.801        
939           29.798        
942           29.797        
945           29.794        
948           29.792        
951           29.789        
954           29.785        
957           29.782        
960           29.779        
963           29.776        
966           29.774        
969           29.771        
972           29.770        
975           29.768        
978           29.765        
981           29.762        
984           29.760        
987           29.758        
990           29.755        
993           29.753        
996           29.750        
999           29.748        
1002          29.746        
1005          29.742        
1008          29.739        
1011          29.737        
1014          29.735        
1017          29.733        
1020          29.731        
1023          29.729        
1026          29.727        
1029          29.725        
1032          29.723        
1035          29.723        
1038          29.720        
1041          29.719        
1044          29.719        
1047          29.721        
1050          29.720        
1053          29.720        
1056          29.722        
1059          29.726        
1062          29.728        
1065          29.728        
1068          29.728        
1071          29.726        
1074          29.727        
1077          29.726        
1080          29.726        
1083          29.729        
1086          29.734        
1089          29.742        
1092          29.747        
1095          29.753        
1098          29.758        
1101          29.766        
1104          29.768        
1107          29.770        
1110          29.771        
1113          29.772        
1116          29.775        
1119          29.781        
1122          29.785        
1125          29.789        
1128          29.790        
1131          29.792        
1134          29.795        
1137          29.798        
1140          29.804        
1143          29.806        
1146          29.806        
1149          29.806        
1152          29.806        
1155          29.806        
1158          29.808        
1161          29.809        
1164          29.808        
1167          29.809        
1170          29.807        
1173          29.804        
1176          29.802        
1179          29.800        
1182          29.798        
1185          29.796        
1188          29.794        
1191          29.793        
1194          29.791        
1197          29.790        
1200          29.789        
1203          29.788        
1206          29.785        
1209          29.781        
1212          29.777        
1215          29.773        
1218          29.773        
1221          29.771        
1224          29.767        
1227          29.765        
1230          29.761        
1233          29.760        
1236          29.757        
1239          29.754        
1242          29.752        
1245          29.750        
1248          29.749        
1251          29.746        
1254          29.745        
1257          29.742        
1260          29.740        
1263          29.738        
1266          29.736        
1269          29.735        
1272          29.733        
1275          29.732        
1278          29.732        
1281          29.732        
1284          29.733        
1287          29.732        
1290          29.732        
1293          29.733        
1296          29.733        
1299          29.732        
1302          29.733        
1305          29.735        
1308          29.736        
1311          29.740        
1314          29.743        
1317          29.749        
1320          29.752        
1323          29.754        
1326          29.755        
1329          29.757        
1332          29.759        
1335          29.760        
1338          29.764        
1341          29.767        
1344          29.768        
1347          29.771        
1350          29.776        
1353          29.784        
1356          29.789        
1359          29.792        
1362          29.791        
1365          29.790        
1368          29.791        
1371          29.790        
1374          29.794        
1377          29.796        
1380          29.797        
1383          29.798        
1386          29.800        
1389          29.801        
1392          29.802        
1395          29.804        
1398          29.806        
1401          29.806        
1404          29.805        
1407          29.804        
1410          29.802        
1413          29.801        
1416          29.799        
1419          29.798        
1422          29.795        
1425          29.794        
1428          29.791        
1431          29.790        
1434          29.787        
1437          29.784        
1440          29.783        
1443          29.780        
1446          29.777        
1449          29.775        
1452          29.772        
1455          29.770        
1458          29.767        
1461          29.764        
1464          29.761        
1467          29.757        
1470          29.754        
1473          29.752        
1476          29.750        
1479          29.746        
1482          29.744        
1485          29.741        
1488          29.739        
1491          29.737        
1494          29.735        
1497          29.734        
1500          29.732        
1503          29.731        
1506          29.731        
1509          29.730        
1512          29.729        
1515          29.729        
1518          29.729        
1521          29.731        
1524          29.732        
1527          29.733        
1530          29.735        
1533          29.737        
1536          29.739        
1539          29.742        
1542          29.744        
1545          29.747        
1548          29.748        
1551          29.748        
1554          29.750        
1557          29.753        
1560          29.759        
1563          29.767        
1566          29.771        
1569          29.774        
1572          29.776        
1575          29.778        
1578          29.785        
1581          29.787        
1584          29.788        
1587          29.789        
1590          29.790        
1593          29.794        
1596          29.797        
1599          29.802        
1602          29.804        
1605          29.804        
1608          29.805        
1611          29.805        
1614          29.805        
1617          29.803        
1620          29.803        
1623          29.802        
1626          29.802        
1629          29.803        
1632          29.800        
1635          29.800        
