±½¼×Ëá  
19.700
10.000
1             29.738        
2             29.738        
3             29.737        
4             29.737        
5             29.736        
6             29.737        
7             29.737        
8             29.737        
9             29.737        
10            29.737        
11            29.737        
12            29.737        
13            29.737        
14            29.737        
15            29.736        
16            29.735        
17            29.735        
18            29.734        
19            29.734        
20            29.734        
21            29.734        
22            29.734        
23            29.735        
24            29.735        
25            29.735        
26            29.736        
27            29.736        
28            29.735        
29            29.735        
30            29.734        
31            29.733        
32            29.734        
33            29.735        
34            29.736        
35            29.736        
36            29.735        
37            29.735        
38            29.736        
39            29.736        
40            29.735        
41            29.735        
42            29.736        
43            29.735        
44            29.736        
45            29.736        
46            29.736        
47            29.736        
48            29.736        
49            29.737        
50            29.737        
51            29.737        
52            29.737        
53            29.738        
54            29.738        
55            29.739        
56            29.738        
57            29.738        
58            29.739        
59            29.739        
60            29.740        
61            29.740        
62            29.740        
63            29.741        
64            29.741        
65            29.741        
66            29.742        
67            29.741        
68            29.741        
69            29.742        
70            29.742        
71            29.742        
72            29.743        
73            29.744        
74            29.744        
75            29.746        
76            29.747        
77            29.747        
78            29.748        
79            29.748        
80            29.748        
81            29.748        
82            29.749        
83            29.749        
84            29.748        
85            29.748        
86            29.748        
87            29.747        
88            29.747        
89            29.746        
90            29.745        
91            29.744        
92            29.744        
93            29.744        
94            29.745        
95            29.745        
96            29.746        
97            29.746        
98            29.746        
99            29.747        
100           29.747        
101           29.747        
102           29.748        
103           29.749        
104           29.749        
105           29.749        
106           29.749        
107           29.750        
108           29.750        
109           29.751        
110           29.752        
111           29.752        
112           29.753        
113           29.754        
114           29.754        
115           29.754        
116           29.754        
117           29.754        
118           29.754        
119           29.754        
120           29.753        
121           29.754        
122           29.753        
123           29.752        
124           29.752        
125           29.753        
126           29.753        
127           29.753        
128           29.753        
129           29.753        
130           29.754        
131           29.754        
132           29.754        
133           29.754        
134           29.754        
135           29.754        
136           29.755        
137           29.756        
138           29.757        
139           29.757        
140           29.757        
141           29.756        
142           29.757        
143           29.756        
144           29.756        
145           29.756        
146           29.755        
147           29.756        
148           29.756        
149           29.756        
150           29.756        
151           29.755        
152           29.755        
153           29.754        
154           29.751        
155           29.751        
156           29.751        
157           29.753        
158           29.753        
159           29.755        
160           29.756        
161           29.756        
162           29.757        
163           29.758        
164           29.758        
165           29.759        
166           29.759        
167           29.760        
168           29.760        
169           29.760        
170           29.759        
171           29.759        
172           29.760        
173           29.759        
174           29.759        
175           29.760        
176           29.760        
177           29.760        
178           29.760        
179           29.762        
180           29.762        
181           29.762        
182           29.763        
183           29.763        
184           29.763        
185           29.763        
186           29.762        
187           29.762        
188           29.764        
189           29.764        
190           29.765        
191           29.765        
192           29.766        
193           29.767        
194           29.767        
195           29.767        
196           29.767        
197           29.767        
198           29.767        
199           29.767        
200           29.767        
201           29.768        
202           29.768        
203           29.769        
204           29.768        
205           29.768        
206           29.769        
207           29.769        
208           29.770        
209           29.771        
210           29.771        
211           29.772        
212           29.773        
213           29.773        
214           29.772        
215           29.773        
216           29.773        
217           29.774        
218           29.774        
219           29.774        
220           29.774        
221           29.773        
222           29.773        
223           29.773        
224           29.773        
225           29.773        
226           29.773        
227           29.774        
228           29.774        
229           29.775        
230           29.776        
231           29.777        
232           29.777        
233           29.778        
234           29.778        
235           29.779        
236           29.780        
237           29.780        
238           29.780        
239           29.780        
240           29.779        
241           29.778        
242           29.778        
243           29.778        
244           29.778        
245           29.778        
246           29.779        
247           29.779        
248           29.779        
249           29.779        
250           29.779        
251           29.780        
252           29.780        
253           29.779        
254           29.778        
255           29.778        
256           29.776        
257           29.776        
258           29.777        
259           29.777        
260           29.777        
261           29.777        
262           29.777        
263           29.777        
264           29.777        
265           29.776        
266           29.776        
267           29.775        
268           29.775        
269           29.774        
270           29.774        
271           29.774        
272           29.774        
273           29.773        
274           29.773        
275           29.772        
276           29.772        
277           29.771        
278           29.770        
279           29.770        
280           29.769        
281           29.768        
282           29.768        
283           29.766        
284           29.765        
285           29.765        
286           29.765        
287           29.764        
288           29.763        
289           29.763        
290           29.761        
291           29.761        
292           29.761        
293           29.759        
294           29.759        
295           29.758        
296           29.758        
297           29.757        
298           29.756        
299           29.756        
300           29.756        
301           29.755        
302           29.754        
303           29.753        
304           29.752        
305           29.752        
306           29.751        
307           29.751        
308           29.751        
309           29.750        
310           29.749        
311           29.749        
312           29.749        
313           29.748        
314           29.747        
315           29.747        
316           29.747        
317           29.746        
318           29.746        
319           29.745        
320           29.746        
321           29.745        
322           29.745        
323           29.744        
324           29.744        
325           29.743        
326           29.743        
327           29.743        
328           29.743        
329           29.743        
330           29.743        
331           29.743        
332           29.743        
333           29.744        
334           29.743        
335           29.744        
336           29.745        
337           29.745        
338           29.746        
339           29.746        
340           29.745        
341           29.745        
342           29.745        
343           29.745        
344           29.745        
345           29.745        
346           29.747        
347           29.747        
348           29.749        
349           29.749        
350           29.749        
351           29.750        
352           29.750        
353           29.750        
354           29.750        
355           29.750        
356           29.750        
357           29.751        
358           29.751        
359           29.750        
360           29.750        
361           29.748        
362           29.747        
363           29.746        
364           29.745        
365           29.745        
366           29.747        
367           29.748        
368           29.748        
369           29.749        
370           29.749        
371           29.749        
372           29.749        
373           29.749        
374           29.750        
375           29.750        
376           29.750        
377           29.751        
378           29.751        
379           29.751        
380           29.751        
381           29.751        
382           29.752        
383           29.753        
384           29.753        
385           29.753        
386           29.753        
387           29.753        
388           29.753        
389           29.753        
390           29.753        
391           29.753        
392           29.753        
393           29.753        
394           29.753        
395           29.753        
396           29.753        
397           29.754        
398           29.755        
399           29.755        
400           29.756        
401           29.756        
402           29.757        
403           29.759        
404           29.760        
405           29.760        
406           29.762        
407           29.763        
408           29.765        
409           29.765        
410           29.766        
411           29.766        
412           29.766        
413           29.765        
414           29.765        
415           29.765        
416           29.764        
417           29.765        
418           29.765        
419           29.765        
420           29.766        
421           29.766        
422           29.766        
423           29.767        
424           29.767        
425           29.767        
426           29.768        
427           29.768        
428           29.768        
429           29.767        
430           29.767        
431           29.768        
432           29.769        
433           29.769        
434           29.770        
435           29.771        
436           29.772        
437           29.774        
438           29.775        
439           29.776        
440           29.778        
441           29.779        
442           29.780        
443           29.781        
444           29.782        
445           29.783        
446           29.784        
447           29.784        
448           29.785        
449           29.785        
450           29.784        
451           29.783        
452           29.783        
453           29.782        
454           29.781        
455           29.781        
456           29.781        
457           29.781        
458           29.781        
459           29.780        
460           29.779        
461           29.777        
462           29.776        
463           29.777        
464           29.777        
465           29.778        
466           29.780        
467           29.781        
468           29.782        
469           29.783        
470           29.784        
471           29.785        
472           29.785        
473           29.784        
474           29.784        
475           29.784        
476           29.783        
477           29.783        
478           29.783        
479           29.781        
480           29.781        
481           29.780        
482           29.779        
483           29.779        
484           29.778        
485           29.778        
486           29.778        
487           29.778        
488           29.778        
489           29.777        
490           29.775        
491           29.774        
492           29.774        
493           29.774        
494           29.773        
495           29.773        
496           29.774        
497           29.773        
498           29.772        
499           29.772        
500           29.772        
501           29.772        
502           29.772        
503           29.771        
504           29.771        
505           29.770        
506           29.768        
507           29.768        
508           29.767        
509           29.766        
510           29.766        
511           29.765        
512           29.765        
513           29.763        
514           29.763        
515           29.763        
516           29.763        
517           29.762        
518           29.762        
519           29.760        
520           29.759        
521           29.758        
522           29.758        
523           29.757        
524           29.756        
525           29.756        
526           29.756        
527           29.756        
528           29.755        
529           29.755        
530           29.754        
531           29.753        
532           29.752        
533           29.751        
534           29.751        
535           29.751        
536           29.750        
537           29.750        
538           29.750        
539           29.750        
540           29.749        
541           29.749        
542           29.748        
543           29.748        
544           29.748        
545           29.747        
546           29.747        
547           29.747        
548           29.746        
549           29.746        
550           29.746        
551           29.745        
552           29.745        
553           29.745        
554           29.746        
555           29.746        
556           29.747        
557           29.747        
558           29.747        
559           29.746        
560           29.747        
561           29.747        
562           29.748        
563           29.748        
564           29.748        
565           29.747        
566           29.746        
567           29.745        
568           29.743        
569           29.743        
570           29.743        
571           29.743        
572           29.743        
573           29.744        
574           29.745        
575           29.746        
576           29.745        
577           29.746        
578           29.746        
579           29.747        
580           29.748        
581           29.748        
582           29.747        
583           29.748        
584           29.749        
585           29.750        
586           29.750        
587           29.751        
588           29.752        
589           29.753        
590           29.753        
591           29.754        
592           29.756        
593           29.757        
594           29.757        
595           29.758        
596           29.759        
597           29.760        
598           29.761        
599           29.762        
600           29.763        
601           29.764        
602           29.765        
603           29.765        
604           29.765        
605           29.764        
606           29.764        
607           29.763        
608           29.762        
609           29.761        
610           29.761        
611           29.761        
612           29.761        
613           29.761        
614           29.762        
615           29.763        
616           29.765        
617           29.765        
618           29.767        
619           29.767        
620           29.768        
621           29.770        
622           29.771        
623           29.771        
624           29.771        
625           29.771        
626           29.771        
627           29.771        
628           29.771        
629           29.772        
630           29.772        
631           29.773        
632           29.773        
633           29.774        
634           29.776        
635           29.777        
636           29.778        
637           29.781        
638           29.782        
639           29.783        
640           29.784        
641           29.784        
642           29.785        
643           29.786        
644           29.787        
645           29.787        
646           29.787        
647           29.787        
648           29.787        
649           29.787        
650           29.786        
651           29.786        
652           29.787        
653           29.787        
654           29.787        
655           29.787        
656           29.787        
657           29.787        
658           29.788        
659           29.788        
660           29.788        
661           29.788        
662           29.788        
663           29.788        
664           29.788        
665           29.787        
666           29.788        
667           29.788        
668           29.787        
669           29.787        
670           29.787        
671           29.788        
672           29.788        
673           29.787        
674           29.787        
675           29.788        
676           29.788        
677           29.788        
678           29.787        
679           29.788        
680           29.789        
681           29.789        
682           29.789        
683           29.789        
684           29.787        
685           29.787        
686           29.786        
687           29.785        
688           29.785        
689           29.783        
690           29.783        
691           29.783        
692           29.782        
693           29.782        
694           29.782        
695           29.782        
696           29.781        
697           29.780        
698           29.780        
699           29.780        
700           29.779        
701           29.778        
702           29.778        
703           29.777        
704           29.776        
705           29.775        
706           29.774        
707           29.774        
708           29.773        
709           29.772        
710           29.772        
711           29.771        
712           29.771        
713           29.769        
714           29.767        
715           29.767        
716           29.767        
717           29.766        
718           29.766        
719           29.766        
720           29.764        
721           29.764        
722           29.763        
723           29.762        
724           29.762        
725           29.761        
726           29.760        
727           29.759        
728           29.758        
729           29.758        
730           29.757        
731           29.756        
732           29.756        
733           29.755        
734           29.755        
735           29.754        
736           29.754        
737           29.753        
738           29.753        
739           29.752        
740           29.752        
741           29.751        
742           29.751        
743           29.750        
744           29.750        
745           29.749        
746           29.749        
747           29.748        
748           29.747        
749           29.747        
750           29.746        
751           29.746        
752           29.745        
753           29.745        
754           29.745        
755           29.746        
756           29.746        
757           29.747        
758           29.747        
759           29.747        
760           29.747        
761           29.747        
762           29.746        
763           29.746        
764           29.746        
765           29.747        
766           29.747        
767           29.746        
768           29.746        
769           29.746        
770           29.745        
771           29.745        
772           29.744        
773           29.743        
774           29.743        
775           29.744        
776           29.745        
777           29.746        
778           29.746        
779           29.747        
780           29.748        
781           29.750        
782           29.750        
783           29.751        
784           29.751        
785           29.752        
786           29.753        
787           29.753        
788           29.753        
789           29.753        
790           29.753        
791           29.753        
792           29.753        
793           29.753        
794           29.753        
795           29.754        
796           29.754        
797           29.754        
798           29.754        
799           29.755        
800           29.756        
801           29.755        
802           29.752        
803           29.752        
804           29.751        
805           29.750        
806           29.751        
807           29.752        
808           29.753        
809           29.754        
810           29.757        
811           29.758        
812           29.762        
813           29.762        
814           29.764        
815           29.764        
816           29.765        
817           29.767        
818           29.767        
819           29.768        
820           29.769        
821           29.769        
822           29.770        
823           29.770        
824           29.771        
825           29.772        
826           29.773        
827           29.774        
828           29.776        
829           29.777        
830           29.779        
831           29.781        
832           29.782        
833           29.782        
834           29.783        
835           29.783        
836           29.783        
837           29.783        
838           29.783        
839           29.783        
840           29.784        
841           29.785        
842           29.785        
843           29.785        
844           29.785        
845           29.786        
846           29.786        
847           29.785        
848           29.786        
849           29.787        
850           29.787        
851           29.788        
852           29.789        
853           29.790        
854           29.791        
855           29.792        
856           29.793        
857           29.796        
858           29.797        
859           29.799        
860           29.799        
861           29.799        
862           29.799        
863           29.798        
864           29.797        
865           29.797        
866           29.796        
867           29.795        
868           29.796        
869           29.796        
870           29.797        
871           29.797        
872           29.797        
873           29.797        
874           29.797        
875           29.799        
876           29.799        
877           29.799        
878           29.799        
879           29.799        
880           29.799        
881           29.800        
882           29.800        
883           29.799        
884           29.799        
885           29.798        
886           29.796        
887           29.796        
888           29.794        
889           29.794        
890           29.794        
891           29.793        
892           29.792        
893           29.791        
894           29.790        
895           29.788        
896           29.788        
897           29.787        
898           29.787        
899           29.786        
900           29.787        
901           29.786        
902           29.786        
903           29.786        
904           29.785        
905           29.786        
906           29.786        
907           29.785        
908           29.784        
909           29.781        
910           29.781        
911           29.781        
912           29.780        
913           29.779        
914           29.778        
915           29.778        
916           29.777        
917           29.775        
918           29.775        
919           29.774        
920           29.772        
921           29.772        
922           29.771        
923           29.770        
924           29.770        
925           29.769        
926           29.768        
927           29.768        
928           29.767        
929           29.767        
930           29.765        
931           29.764        
932           29.764        
933           29.763        
934           29.763        
935           29.763        
936           29.761        
937           29.761        
938           29.760        
939           29.758        
940           29.758        
941           29.758        
942           29.758        
943           29.757        
944           29.756        
945           29.756        
946           29.756        
947           29.756        
948           29.755        
949           29.754        
950           29.754        
951           29.754        
952           29.753        
953           29.753        
954           29.754        
955           29.754        
956           29.753        
957           29.754        
958           29.755        
959           29.755        
960           29.755        
961           29.755        
962           29.755        
963           29.755        
964           29.755        
965           29.755        
966           29.754        
967           29.755        
968           29.755        
969           29.755        
970           29.756        
971           29.756        
972           29.757        
973           29.757        
974           29.757        
975           29.757        
976           29.758        
977           29.759        
978           29.760        
979           29.761        
980           29.761        
981           29.761        
982           29.761        
983           29.763        
984           29.763        
985           29.764        
986           29.764        
987           29.764        
988           29.765        
989           29.767        
990           29.768        
991           29.770        
992           29.771        
993           29.772        
994           29.772        
995           29.772        
996           29.772        
997           29.772        
998           29.773        
999           29.773        
1000          29.774        
1001          29.775        
1002          29.774        
1003          29.775        
1004          29.776        
1005          29.777        
1006          29.780        
1007          29.780        
1008          29.780        
1009          29.781        
1010          29.781        
1011          29.781        
1012          29.782        
1013          29.783        
1014          29.783        
1015          29.784        
1016          29.785        
1017          29.786        
1018          29.786        
1019          29.788        
1020          29.789        
1021          29.789        
1022          29.790        
1023          29.791        
1024          29.792        
1025          29.792        
1026          29.792        
1027          29.793        
1028          29.794        
1029          29.793        
1030          29.794        
1031          29.794        
1032          29.794        
1033          29.794        
1034          29.794        
1035          29.794        
1036          29.794        
1037          29.794        
1038          29.794        
1039          29.794        
1040          29.794        
1041          29.794        
1042          29.795        
1043          29.794        
1044          29.794        
1045          29.794        
1046          29.793        
1047          29.793        
1048          29.792        
1049          29.792        
1050          29.792        
1051          29.791        
1052          29.790        
1053          29.790        
1054          29.790        
1055          29.789        
1056          29.787        
1057          29.787        
1058          29.786        
1059          29.786        
1060          29.785        
1061          29.784        
1062          29.784        
1063          29.784        
1064          29.783        
1065          29.782        
1066          29.782        
1067          29.781        
1068          29.781        
1069          29.781        
1070          29.780        
1071          29.779        
1072          29.778        
1073          29.778        
1074          29.777        
1075          29.775        
1076          29.775        
1077          29.774        
1078          29.773        
1079          29.772        
1080          29.771        
1081          29.771        
1082          29.770        
1083          29.770        
1084          29.770        
1085          29.769        
1086          29.768        
1087          29.767        
1088          29.766        
1089          29.767        
1090          29.766        
1091          29.765        
1092          29.765        
1093          29.764        
1094          29.763        
1095          29.762        
1096          29.762        
1097          29.761        
1098          29.760        
1099          29.759        
1100          29.759        
1101          29.758        
1102          29.758        
1103          29.757        
1104          29.757        
1105          29.757        
1106          29.757        
1107          29.757        
1108          29.757        
1109          29.757        
1110          29.757        
1111          29.756        
1112          29.756        
1113          29.756        
1114          29.756        
1115          29.755        
1116          29.755        
1117          29.754        
1118          29.754        
1119          29.753        
1120          29.754        
1121          29.754        
1122          29.757        
1123          29.757        
1124          29.758        
1125          29.758        
1126          29.759        
1127          29.759        
1128          29.759        
1129          29.759        
1130          29.759        
1131          29.759        
1132          29.759        
1133          29.759        
1134          29.760        
1135          29.761        
1136          29.762        
1137          29.762        
1138          29.763        
1139          29.763        
1140          29.764        
1141          29.765        
1142          29.766        
1143          29.767        
1144          29.767        
1145          29.769        
1146          29.769        
1147          29.769        
1148          29.770        
1149          29.770        
1150          29.771        
1151          29.772        
1152          29.772        
1153          29.774        
1154          29.774        
1155          29.774        
1156          29.776        
1157          29.776        
1158          29.778        
1159          29.778        
1160          29.778        
1161          29.779        
1162          29.779        
1163          29.780        
1164          29.780        
1165          29.781        
1166          29.781        
1167          29.781        
1168          29.782        
1169          29.783        
1170          29.784        
1171          29.784        
1172          29.785        
1173          29.786        
1174          29.787        
1175          29.787        
1176          29.787        
1177          29.788        
1178          29.788        
1179          29.789        
1180          29.790        
1181          29.791        
1182          29.792        
1183          29.793        
1184          29.793        
1185          29.792        
1186          29.793        
1187          29.794        
1188          29.794        
1189          29.794        
1190          29.794        
1191          29.794        
1192          29.794        
1193          29.794        
1194          29.794        
1195          29.794        
1196          29.794        
1197          29.794        
1198          29.794        
1199          29.794        
1200          29.793        
1201          29.793        
1202          29.793        
1203          29.793        
1204          29.792        
1205          29.792        
1206          29.791        
1207          29.791        
1208          29.789        
1209          29.789        
1210          29.789        
1211          29.788        
1212          29.787        
1213          29.787        
1214          29.786        
1215          29.786        
1216          29.785        
1217          29.784        
1218          29.784        
1219          29.784        
1220          29.783        
1221          29.782        
1222          29.781        
1223          29.780        
1224          29.780        
1225          29.780        
1226          29.779        
1227          29.778        
1228          29.777        
1229          29.776        
1230          29.775        
1231          29.775        
1232          29.774        
1233          29.773        
1234          29.773        
1235          29.772        
1236          29.772        
1237          29.771        
1238          29.771        
1239          29.771        
1240          29.769        
1241          29.769        
1242          29.768        
1243          29.767        
1244          29.766        
1245          29.765        
1246          29.765        
1247          29.764        
1248          29.762        
1249          29.762        
1250          29.761        
1251          29.760        
1252          29.760        
1253          29.759        
1254          29.759        
1255          29.758        
1256          29.757        
1257          29.757        
1258          29.757        
1259          29.757        
1260          29.757        
1261          29.756        
1262          29.756        
1263          29.756        
1264          29.756        
1265          29.756        
1266          29.756        
1267          29.756        
1268          29.757        
1269          29.757        
1270          29.758        
1271          29.757        
1272          29.757        
1273          29.758        
1274          29.759        
1275          29.760        
1276          29.760        
1277          29.761        
1278          29.760        
1279          29.761        
1280          29.761        
1281          29.761        
1282          29.761        
1283          29.761        
1284          29.761        
1285          29.762        
1286          29.762        
1287          29.763        
1288          29.763        
1289          29.763        
1290          29.763        
1291          29.763        
1292          29.764        
1293          29.765        
1294          29.766        
1295          29.766        
1296          29.767        
1297          29.768        
1298          29.769        
1299          29.769        
1300          29.770        
1301          29.771        
1302          29.771        
1303          29.772        
1304          29.772        
1305          29.772        
1306          29.773        
1307          29.773        
1308          29.774        
1309          29.774        
1310          29.775        
1311          29.775        
1312          29.775        
1313          29.776        
1314          29.777        
1315          29.777        
1316          29.778        
1317          29.779        
1318          29.779        
1319          29.780        
1320          29.781        
1321          29.782        
1322          29.782        
1323          29.782        
1324          29.784        
1325          29.784        
1326          29.785        
1327          29.786        
1328          29.786        
1329          29.786        
1330          29.787        
1331          29.787        
1332          29.787        
1333          29.787        
1334          29.787        
1335          29.787        
1336          29.787        
