±½¼×Ëá  
22.300
10.000
1             29.838        
2             29.839        
3             29.839        
4             29.838        
5             29.838        
6             29.837        
7             29.837        
8             29.837        
9             29.835        
10            29.833        
11            29.831        
12            29.826        
13            29.822        
14            29.820        
15            29.816        
16            29.813        
17            29.808        
18            29.807        
19            29.804        
20            29.803        
21            29.802        
22            29.799        
23            29.795        
24            29.794        
25            29.788        
26            29.785        
27            29.784        
28            29.787        
29            29.791        
30            29.794        
31            29.799        
32            29.802        
33            29.809        
34            29.810        
35            29.814        
36            29.819        
37            29.821        
38            29.821        
39            29.819        
40            29.818        
41            29.818        
42            29.818        
43            29.818        
44            29.818        
45            29.817        
46            29.814        
47            29.812        
48            29.811        
49            29.810        
50            29.811        
51            29.812        
52            29.812        
53            29.813        
54            29.815        
55            29.815        
56            29.816        
57            29.817        
58            29.816        
59            29.816        
60            29.816        
61            29.816        
62            29.816        
63            29.816        
64            29.816        
65            29.816        
66            29.815        
67            29.813        
68            29.811        
69            29.811        
70            29.812        
71            29.812        
72            29.812        
73            29.812        
74            29.811        
75            29.811        
76            29.810        
77            29.810        
78            29.808        
79            29.807        
80            29.805        
81            29.803        
82            29.801        
83            29.798        
84            29.796        
85            29.795        
86            29.792        
87            29.789        
88            29.785        
89            29.783        
90            29.782        
91            29.777        
92            29.775        
93            29.773        
94            29.772        
95            29.770        
96            29.769        
97            29.768        
98            29.767        
99            29.762        
100           29.758        
101           29.747        
102           29.741        
103           29.735        
104           29.728        
105           29.724        
106           29.721        
107           29.716        
108           29.715        
109           29.711        
110           29.710        
111           29.708        
112           29.707        
113           29.706        
114           29.706        
115           29.705        
116           29.705        
117           29.704        
118           29.705        
119           29.705        
120           29.706        
121           29.706        
122           29.707        
123           29.708        
124           29.709        
125           29.713        
126           29.716        
127           29.717        
128           29.721        
129           29.724        
130           29.728        
131           29.730        
132           29.734        
133           29.743        
134           29.747        
135           29.755        
136           29.762        
137           29.768        
138           29.781        
139           29.787        
140           29.793        
141           29.805        
142           29.812        
143           29.823        
144           29.828        
145           29.832        
146           29.843        
147           29.847        
148           29.852        
149           29.858        
150           29.861        
151           29.864        
152           29.866        
153           29.868        
154           29.874        
155           29.878        
156           29.885        
157           29.894        
158           29.904        
159           29.930        
160           29.942        
161           29.950        
162           29.965        
163           29.975        
164           29.997        
165           30.006        
166           30.016        
167           30.033        
168           30.039        
169           30.046        
170           30.056        
171           30.061        
172           30.067        
173           30.070        
174           30.072        
175           30.078        
176           30.080        
177           30.084        
178           30.086        
179           30.087        
180           30.091        
181           30.093        
182           30.096        
183           30.101        
184           30.103        
185           30.106        
186           30.107        
187           30.108        
188           30.109        
189           30.109        
190           30.108        
191           30.106        
192           30.105        
193           30.102        
194           30.101        
195           30.099        
196           30.097        
197           30.095        
198           30.091        
199           30.090        
200           30.088        
201           30.087        
202           30.085        
203           30.083        
204           30.080        
205           30.079        
206           30.074        
207           30.073        
208           30.071        
209           30.067        
210           30.065        
211           30.063        
212           30.059        
213           30.058        
214           30.054        
215           30.053        
216           30.051        
217           30.047        
218           30.046        
219           30.042        
220           30.039        
221           30.038        
222           30.034        
223           30.032        
224           30.029        
225           30.026        
226           30.025        
227           30.022        
228           30.020        
229           30.020        
230           30.016        
231           30.015        
232           30.014        
233           30.010        
234           30.009        
235           30.004        
236           30.002        
237           30.000        
238           29.994        
239           29.990        
240           29.983        
241           29.978        
242           29.975        
243           29.968        
244           29.965        
245           29.962        
246           29.958        
247           29.956        
248           29.952        
249           29.951        
250           29.949        
251           29.945        
252           29.944        
253           29.942        
254           29.939        
255           29.938        
256           29.934        
257           29.934        
258           29.933        
259           29.930        
260           29.930        
261           29.928        
262           29.927        
263           29.926        
264           29.924        
265           29.922        
266           29.921        
267           29.916        
268           29.914        
269           29.906        
270           29.903        
271           29.899        
272           29.894        
273           29.892        
274           29.891        
275           29.886        
276           29.885        
277           29.882        
278           29.882        
279           29.880        
280           29.876        
281           29.874        
282           29.870        
283           29.867        
284           29.865        
285           29.859        
286           29.857        
287           29.855        
288           29.851        
289           29.848        
290           29.845        
291           29.843        
292           29.842        
293           29.840        
294           29.838        
295           29.837        
296           29.834        
297           29.834        
298           29.831        
299           29.827        
300           29.823        
301           29.815        
302           29.811        
303           29.804        
304           29.801        
305           29.799        
306           29.795        
307           29.794        
308           29.791        
309           29.787        
310           29.784        
311           29.779        
312           29.777        
313           29.774        
314           29.772        
315           29.770        
316           29.769        
317           29.767        
318           29.767        
319           29.765        
320           29.765        
321           29.764        
322           29.762        
323           29.761        
324           29.757        
325           29.756        
326           29.755        
327           29.751        
328           29.750        
329           29.750        
330           29.747        
331           29.746        
332           29.742        
333           29.740        
334           29.738        
335           29.731        
336           29.727        
337           29.721        
338           29.711        
339           29.706        
340           29.700        
341           29.697        
342           29.695        
343           29.691        
344           29.690        
345           29.687        
346           29.686        
347           29.685        
348           29.684        
349           29.684        
350           29.683        
351           29.681        
352           29.680        
353           29.679        
354           29.678        
355           29.677        
356           29.672        
357           29.668        
358           29.665        
359           29.659        
360           29.656        
361           29.652        
362           29.649        
363           29.648        
364           29.645        
365           29.644        
366           29.645        
367           29.645        
368           29.645        
369           29.646        
370           29.646        
371           29.647        
372           29.648        
373           29.649        
374           29.649        
375           29.649        
376           29.649        
377           29.648        
378           29.648        
379           29.648        
380           29.648        
381           29.649        
382           29.649        
383           29.648        
384           29.649        
385           29.648        
386           29.648        
387           29.648        
388           29.647        
389           29.647        
390           29.644        
391           29.643        
392           29.643        
393           29.640        
394           29.640        
395           29.642        
396           29.642        
397           29.643        
398           29.642        
399           29.641        
400           29.639        
401           29.639        
402           29.639        
403           29.641        
404           29.644        
405           29.647        
406           29.650        
407           29.652        
408           29.655        
409           29.656        
410           29.657        
411           29.659        
412           29.659        
413           29.659        
414           29.658        
415           29.658        
416           29.658        
417           29.658        
418           29.658        
419           29.657        
420           29.657        
421           29.657        
422           29.658        
423           29.659        
424           29.660        
425           29.661        
426           29.662        
427           29.665        
428           29.669        
429           29.678        
430           29.684        
431           29.692        
432           29.707        
433           29.715        
434           29.722        
435           29.735        
436           29.742        
437           29.752        
438           29.757        
439           29.763        
440           29.775        
441           29.780        
442           29.790        
443           29.794        
444           29.799        
445           29.809        
446           29.813        
447           29.816        
448           29.819        
449           29.822        
450           29.824        
451           29.825        
452           29.827        
453           29.830        
454           29.833        
455           29.835        
456           29.841        
457           29.844        
458           29.849        
459           29.850        
460           29.851        
461           29.853        
462           29.855        
463           29.860        
464           29.862        
465           29.864        
466           29.866        
467           29.867        
468           29.869        
469           29.877        
470           29.882        
471           29.889        
472           29.892        
473           29.894        
474           29.897        
475           29.899        
476           29.903        
477           29.907        
478           29.909        
479           29.909        
480           29.909        
481           29.910        
482           29.915        
483           29.918        
484           29.925        
485           29.927        
486           29.929        
487           29.931        
488           29.931        
489           29.930        
490           29.929        
491           29.928        
492           29.926        
493           29.925        
494           29.924        
495           29.924        
496           29.923        
497           29.922        
498           29.918        
499           29.916        
500           29.911        
501           29.909        
502           29.908        
503           29.907        
504           29.906        
505           29.905        
506           29.905        
507           29.904        
508           29.904        
509           29.904        
510           29.904        
511           29.903        
512           29.903        
513           29.902        
514           29.901        
515           29.900        
516           29.898        
517           29.898        
518           29.897        
519           29.895        
520           29.894        
521           29.891        
522           29.890        
523           29.889        
524           29.885        
525           29.884        
526           29.882        
527           29.881        
528           29.880        
529           29.876        
530           29.874        
531           29.872        
532           29.868        
533           29.865        
534           29.860        
535           29.858        
536           29.855        
537           29.850        
538           29.848        
539           29.846        
540           29.840        
541           29.838        
542           29.834        
543           29.831        
544           29.829        
545           29.823        
546           29.821        
547           29.818        
548           29.817        
549           29.815        
550           29.812        
551           29.811        
552           29.810        
553           29.809        
554           29.807        
555           29.804        
556           29.802        
557           29.800        
558           29.795        
559           29.794        
560           29.793        
561           29.790        
562           29.789        
563           29.785        
564           29.783        
565           29.783        
566           29.778        
567           29.777        
568           29.777        
569           29.772        
570           29.770        
571           29.764        
572           29.762        
573           29.760        
574           29.757        
575           29.753        
576           29.742        
577           29.735        
578           29.729        
579           29.719        
580           29.715        
581           29.711        
582           29.707        
583           29.706        
584           29.703        
585           29.701        
586           29.699        
587           29.695        
588           29.694        
589           29.693        
590           29.692        
591           29.689        
592           29.679        
593           29.673        
594           29.669        
595           29.665        
596           29.663        
597           29.659        
598           29.654        
599           29.650        
600           29.646        
601           29.645        
602           29.644        
603           29.639        
604           29.637        
605           29.629        
606           29.627        
607           29.626        
608           29.621        
609           29.619        
610           29.615        
611           29.614        
612           29.613        
613           29.615        
614           29.616        
615           29.618        
616           29.623        
617           29.626        
618           29.629        
619           29.630        
620           29.631        
621           29.631        
622           29.632        
623           29.632        
624           29.633        
625           29.635        
626           29.636        
627           29.638        
628           29.639        
629           29.640        
630           29.641        
631           29.642        
632           29.643        
633           29.643        
634           29.645        
635           29.646        
636           29.647        
637           29.646        
638           29.647        
639           29.647        
640           29.648        
641           29.649        
642           29.650        
643           29.651        
644           29.652        
645           29.655        
646           29.656        
647           29.660        
648           29.662        
649           29.665        
650           29.671        
651           29.673        
652           29.678        
653           29.679        
654           29.682        
655           29.690        
656           29.695        
657           29.701        
658           29.712        
659           29.715        
660           29.725        
661           29.728        
662           29.731        
663           29.737        
664           29.739        
665           29.743        
666           29.749        
667           29.752        
668           29.759        
669           29.760        
670           29.763        
671           29.771        
672           29.773        
673           29.779        
674           29.782        
675           29.785        
676           29.789        
677           29.790        
678           29.793        
679           29.796        
680           29.799        
681           29.805        
682           29.808        
683           29.809        
684           29.814        
685           29.815        
686           29.815        
687           29.817        
688           29.817        
689           29.817        
690           29.818        
691           29.819        
692           29.818        
693           29.818        
694           29.817        
695           29.816        
696           29.816        
697           29.816        
698           29.817        
699           29.822        
700           29.829        
701           29.834        
702           29.847        
703           29.853        
704           29.858        
705           29.864        
706           29.869        
707           29.873        
708           29.881        
709           29.883        
710           29.886        
711           29.888        
712           29.888        
713           29.891        
714           29.891        
715           29.891        
716           29.889        
717           29.888        
718           29.885        
719           29.885        
720           29.885        
721           29.882        
722           29.881        
723           29.879        
724           29.877        
725           29.877        
726           29.877        
727           29.877        
728           29.878        
729           29.880        
730           29.880        
731           29.880        
732           29.880        
733           29.880        
734           29.881        
735           29.881        
736           29.881        
737           29.881        
738           29.880        
739           29.878        
740           29.877        
741           29.876        
742           29.874        
743           29.871        
744           29.867        
745           29.864        
746           29.862        
747           29.856        
748           29.853        
749           29.848        
750           29.839        
751           29.836        
752           29.830        
753           29.828        
754           29.826        
755           29.825        
756           29.824        
757           29.820        
758           29.819        
759           29.817        
760           29.814        
761           29.812        
762           29.811        
763           29.807        
764           29.806        
765           29.802        
766           29.802        
767           29.802        
768           29.798        
769           29.794        
770           29.790        
771           29.779        
772           29.775        
773           29.772        
774           29.770        
775           29.767        
776           29.766        
777           29.766        
778           29.765        
779           29.765        
780           29.765        
781           29.766        
782           29.768        
783           29.769        
784           29.768        
785           29.765        
786           29.753        
787           29.748        
788           29.741        
789           29.733        
790           29.730        
791           29.728        
792           29.725        
793           29.723        
794           29.719        
795           29.719        
796           29.718        
797           29.716        
798           29.714        
799           29.709        
800           29.706        
801           29.702        
802           29.696        
803           29.693        
804           29.689        
805           29.686        
806           29.685        
807           29.685        
808           29.686        
809           29.688        
810           29.689        
811           29.689        
812           29.690        
813           29.691        
814           29.691        
815           29.691        
816           29.691        
817           29.691        
818           29.692        
819           29.691        
820           29.689        
821           29.689        
822           29.688        
823           29.688        
824           29.687        
825           29.687        
826           29.687        
827           29.687        
828           29.687        
829           29.687        
830           29.687        
831           29.688        
832           29.688        
833           29.689        
834           29.689        
835           29.689        
836           29.689        
837           29.690        
838           29.690        
839           29.691        
840           29.691        
841           29.692        
842           29.693        
843           29.693        
844           29.694        
845           29.694        
846           29.696        
847           29.698        
848           29.699        
849           29.700        
850           29.700        
851           29.699        
852           29.699        
853           29.699        
854           29.699        
855           29.700        
856           29.701        
857           29.703        
858           29.704        
859           29.706        
860           29.709        
861           29.712        
862           29.714        
863           29.715        
864           29.716        
865           29.719        
866           29.721        
867           29.722        
868           29.720        
869           29.718        
870           29.715        
871           29.714        
872           29.713        
873           29.711        
874           29.710        
875           29.710        
876           29.707        
877           29.706        
878           29.704        
879           29.704        
880           29.705        
881           29.716        
882           29.726        
883           29.742        
884           29.747        
885           29.750        
886           29.756        
887           29.760        
888           29.763        
889           29.772        
890           29.776        
891           29.786        
892           29.791        
893           29.796        
894           29.806        
895           29.811        
896           29.820        
897           29.825        
898           29.829        
899           29.835        
900           29.838        
901           29.840        
902           29.846        
903           29.849        
904           29.852        
905           29.854        
906           29.855        
907           29.860        
908           29.863        
909           29.865        
910           29.873        
911           29.877        
912           29.889        
913           29.894        
914           29.900        
915           29.907        
916           29.910        
917           29.914        
918           29.916        
919           29.917        
920           29.920        
921           29.921        
922           29.922        
923           29.922        
924           29.922        
925           29.922        
926           29.922        
927           29.921        
928           29.921        
929           29.920        
930           29.920        
931           29.918        
932           29.916        
933           29.908        
934           29.905        
935           29.904        
936           29.903        
937           29.904        
938           29.904        
939           29.905        
940           29.905        
941           29.905        
942           29.906        
943           29.907        
944           29.907        
945           29.907        
946           29.907        
947           29.906        
948           29.904        
949           29.900        
950           29.898        
951           29.897        
952           29.895        
953           29.895        
954           29.891        
955           29.890        
956           29.890        
957           29.887        
958           29.885        
959           29.884        
960           29.882        
961           29.880        
962           29.878        
963           29.876        
964           29.875        
965           29.872        
966           29.871        
967           29.869        
968           29.868        
969           29.866        
970           29.862        
971           29.859        
972           29.857        
973           29.853        
974           29.850        
975           29.845        
976           29.842        
977           29.840        
978           29.836        
979           29.834        
980           29.829        
981           29.828        
982           29.826        
983           29.823        
984           29.821        
985           29.820        
986           29.818        
987           29.816        
988           29.812        
989           29.810        
990           29.807        
991           29.801        
992           29.799        
993           29.797        
994           29.794        
995           29.793        
996           29.790        
997           29.788        
998           29.787        
999           29.784        
1000          29.784        
1001          29.781        
1002          29.779        
1003          29.777        
1004          29.772        
1005          29.771        
1006          29.770        
1007          29.767        
1008          29.765        
1009          29.762        
1010          29.760        
1011          29.758        
1012          29.752        
1013          29.750        
1014          29.748        
1015          29.744        
1016          29.742        
1017          29.739        
1018          29.738        
1019          29.737        
1020          29.734        
1021          29.733        
1022          29.731        
1023          29.727        
1024          29.725        
1025          29.723        
1026          29.721        
1027          29.717        
1028          29.707        
1029          29.702        
1030          29.696        
1031          29.693        
1032          29.691        
1033          29.688        
1034          29.686        
1035          29.685        
1036          29.681        
1037          29.681        
1038          29.677        
1039          29.676        
1040          29.675        
1041          29.673        
1042          29.671        
1043          29.670        
1044          29.670        
1045          29.669        
1046          29.667        
1047          29.666        
1048          29.665        
1049          29.664        
1050          29.663        
1051          29.662        
1052          29.662        
1053          29.662        
1054          29.661        
1055          29.660        
1056          29.659        
1057          29.658        
1058          29.656        
1059          29.653        
1060          29.652        
1061          29.652        
1062          29.651        
1063          29.650        
1064          29.649        
1065          29.647        
1066          29.646        
1067          29.644        
1068          29.644        
1069          29.645        
1070          29.646        
1071          29.647        
1072          29.648        
1073          29.649        
1074          29.650        
1075          29.652        
1076          29.653        
1077          29.654        
1078          29.656        
1079          29.656        
1080          29.657        
1081          29.658        
1082          29.657        
1083          29.656        
1084          29.657        
1085          29.658        
1086          29.660        
1087          29.660        
1088          29.661        
1089          29.661        
1090          29.662        
1091          29.664        
1092          29.665        
1093          29.669        
1094          29.674        
1095          29.678        
1096          29.686        
1097          29.690        
1098          29.694        
1099          29.701        
1100          29.704        
1101          29.712        
1102          29.715        
1103          29.719        
1104          29.726        
1105          29.729        
1106          29.732        
1107          29.735        
1108          29.736        
1109          29.740        
1110          29.742        
1111          29.743        
1112          29.746        
1113          29.746        
1114          29.749        
1115          29.750        
1116          29.750        
1117          29.756        
1118          29.760        
1119          29.764        
1120          29.772        
1121          29.775        
1122          29.779        
1123          29.779        
1124          29.777        
1125          29.778        
1126          29.780        
1127          29.786        
1128          29.789        
1129          29.793        
1130          29.800        
1131          29.802        
1132          29.804        
1133          29.810        
1134          29.814        
1135          29.822        
1136          29.827        
1137          29.832        
1138          29.842        
1139          29.847        
1140          29.853        
1141          29.862        
1142          29.866        
1143          29.873        
1144          29.877        
1145          29.880        
1146          29.886        
1147          29.890        
1148          29.894        
1149          29.896        
1150          29.898        
1151          29.901        
1152          29.901        
1153          29.901        
1154          29.897        
1155          29.892        
1156          29.886        
1157          29.886        
1158          29.889        
1159          29.897        
1160          29.901        
1161          29.904        
1162          29.907        
1163          29.909        
1164          29.912        
1165          29.913        
1166          29.913        
1167          29.907        
1168          29.903        
1169          29.897        
1170          29.894        
1171          29.890        
1172          29.888        
1173          29.890        
1174          29.892        
1175          29.897        
1176          29.901        
1177          29.906        
1178          29.907        
1179          29.908        
1180          29.911        
1181          29.911        
1182          29.912        
1183          29.913        
1184          29.913        
1185          29.914        
1186          29.914        
1187          29.915        
1188          29.917        
1189          29.916        
1190          29.916        
1191          29.915        
1192          29.914        
1193          29.912        
1194          29.912        
1195          29.912        
1196          29.911        
1197          29.910        
1198          29.907        
1199          29.906        
1200          29.904        
1201          29.900        
1202          29.897        
1203          29.895        
1204          29.889        
1205          29.888        
1206          29.885        
1207          29.882        
1208          29.881        
1209          29.878        
1210          29.876        
1211          29.872        
1212          29.870        
1213          29.864        
1214          29.860        
1215          29.857        
1216          29.854        
1217          29.853        
1218          29.851        
1219          29.845        
1220          29.839        
1221          29.835        
1222          29.828        
1223          29.825        
1224          29.821        
1225          29.813        
1226          29.810        
1227          29.804        
1228          29.801        
1229          29.798        
1230          29.795        
1231          29.794        
1232          29.790        
1233          29.789        
1234          29.788        
1235          29.788        
1236          29.789        
1237          29.789        
1238          29.787        
1239          29.784        
1240          29.779        
1241          29.777        
1242          29.774        
1243          29.767        
1244          29.764        
1245          29.761        
1246          29.756        
1247          29.755        
1248          29.750        
1249          29.749        
1250          29.746        
1251          29.735        
1252          29.731        
1253          29.722        
1254          29.717        
1255          29.714        
1256          29.708        
1257          29.706        
1258          29.703        
1259          29.698        
1260          29.696        
1261          29.693        
1262          29.694        
1263          29.696        
1264          29.698        
1265          29.700        
1266          29.702        
1267          29.704        
1268          29.703        
1269          29.700        
1270          29.700        
1271          29.699        
1272          29.698        
1273          29.697        
1274          29.695        
1275          29.693        
1276          29.691        
1277          29.689        
1278          29.688        
1279          29.688        
1280          29.687        
1281          29.687        
1282          29.684        
1283          29.684        
1284          29.683        
1285          29.682        
1286          29.681        
1287          29.679        
1288          29.677        
1289          29.676        
1290          29.674        
1291          29.673        
1292          29.671        
1293          29.669        
1294          29.667        
1295          29.667        
1296          29.667        
1297          29.667        
1298          29.666        
1299          29.666        
1300          29.666        
1301          29.665        
1302          29.665        
1303          29.665        
1304          29.664        
1305          29.664        
1306          29.665        
1307          29.666        
1308          29.667        
1309          29.669        
1310          29.671        
1311          29.673        
1312          29.674        
1313          29.676        
1314          29.678        
1315          29.679        
1316          29.680        
1317          29.680        
1318          29.679        
1319          29.677        
1320          29.676        
1321          29.675        
1322          29.672        
1323          29.671        
1324          29.669        
1325          29.669        
1326          29.668        
1327          29.669        
1328          29.670        
1329          29.671        
1330          29.670        
1331          29.671        
1332          29.674        
1333          29.677        
1334          29.679        
1335          29.683        
1336          29.684        
1337          29.687        
1338          29.688        
1339          29.690        
1340          29.695        
1341          29.699        
1342          29.701        
1343          29.708        
1344          29.711        
1345          29.717        
1346          29.719        
1347          29.722        
1348          29.727        
1349          29.729        
1350          29.732        
1351          29.739        
1352          29.741        
1353          29.745        
1354          29.747        
1355          29.749        
1356          29.751        
1357          29.753        
1358          29.756        
1359          29.757        
1360          29.758        
1361          29.759        
1362          29.760        
1363          29.760        
1364          29.759        
1365          29.759        
1366          29.759        
1367          29.759        
1368          29.759        
1369          29.759        
1370          29.759        
1371          29.760        
1372          29.762        
1373          29.762        
1374          29.765        
1375          29.766        
1376          29.770        
