±½¼×Ëá  
20.700
10.000
1             29.896        
2             29.896        
3             29.895        
4             29.895        
5             29.895        
6             29.894        
7             29.893        
8             29.893        
9             29.892        
10            29.892        
11            29.891        
12            29.891        
13            29.890        
14            29.889        
15            29.888        
16            29.887        
17            29.887        
18            29.886        
19            29.886        
20            29.886        
21            29.885        
22            29.884        
23            29.884        
24            29.884        
25            29.883        
26            29.883        
27            29.882        
28            29.882        
29            29.881        
30            29.880        
31            29.880        
32            29.879        
33            29.879        
34            29.877        
35            29.876        
36            29.876        
37            29.875        
38            29.874        
39            29.873        
40            29.872        
41            29.872        
42            29.871        
43            29.871        
44            29.871        
45            29.870        
46            29.870        
47            29.869        
48            29.868        
49            29.868        
50            29.866        
51            29.865        
52            29.865        
53            29.863        
54            29.863        
55            29.863        
56            29.862        
57            29.861        
58            29.859        
59            29.859        
60            29.858        
61            29.857        
62            29.856        
63            29.855        
64            29.855        
65            29.854        
66            29.854        
67            29.853        
68            29.853        
69            29.852        
70            29.851        
71            29.850        
72            29.849        
73            29.848        
74            29.848        
75            29.847        
76            29.845        
77            29.845        
78            29.844        
79            29.843        
80            29.841        
81            29.841        
82            29.840        
83            29.840        
84            29.839        
85            29.839        
86            29.838        
87            29.837        
88            29.837        
89            29.836        
90            29.836        
91            29.835        
92            29.834        
93            29.833        
94            29.832        
95            29.831        
96            29.830        
97            29.829        
98            29.828        
99            29.828        
100           29.826        
101           29.826        
102           29.825        
103           29.824        
104           29.823        
105           29.822        
106           29.821        
107           29.820        
108           29.820        
109           29.820        
110           29.819        
111           29.818        
112           29.818        
113           29.817        
114           29.817        
115           29.816        
116           29.815        
117           29.815        
118           29.814        
119           29.813        
120           29.812        
121           29.811        
122           29.810        
123           29.809        
124           29.807        
125           29.807        
126           29.806        
127           29.805        
128           29.805        
129           29.804        
130           29.803        
131           29.803        
132           29.802        
133           29.802        
134           29.800        
135           29.799        
136           29.798        
137           29.798        
138           29.798        
139           29.796        
140           29.796        
141           29.796        
142           29.795        
143           29.794        
144           29.793        
145           29.792        
146           29.791        
147           29.789        
148           29.790        
149           29.789        
150           29.788        
151           29.787        
152           29.786        
153           29.785        
154           29.785        
155           29.783        
156           29.783        
157           29.783        
158           29.782        
159           29.781        
160           29.779        
161           29.779        
162           29.778        
163           29.777        
164           29.777        
165           29.776        
166           29.775        
167           29.774        
168           29.773        
169           29.772        
170           29.772        
171           29.772        
172           29.772        
173           29.770        
174           29.770        
175           29.770        
176           29.769        
177           29.768        
178           29.768        
179           29.767        
180           29.766        
181           29.764        
182           29.763        
183           29.763        
184           29.762        
185           29.762        
186           29.760        
187           29.760        
188           29.760        
189           29.759        
190           29.758        
191           29.758        
192           29.756        
193           29.756        
194           29.755        
195           29.754        
196           29.754        
197           29.752        
198           29.752        
199           29.751        
200           29.750        
201           29.749        
202           29.749        
203           29.748        
204           29.748        
205           29.747        
206           29.747        
207           29.745        
208           29.744        
209           29.743        
210           29.742        
211           29.741        
212           29.741        
213           29.740        
214           29.739        
215           29.738        
216           29.737        
217           29.737        
218           29.734        
219           29.734        
220           29.734        
221           29.732        
222           29.731        
223           29.730        
224           29.730        
225           29.729        
226           29.728        
227           29.728        
228           29.726        
229           29.726        
230           29.726        
231           29.725        
232           29.725        
233           29.724        
234           29.723        
235           29.722        
236           29.721        
237           29.721        
238           29.719        
239           29.719        
240           29.718        
241           29.718        
242           29.717        
243           29.717        
244           29.715        
245           29.714        
246           29.714        
247           29.713        
248           29.712        
249           29.711        
250           29.710        
251           29.709        
252           29.708        
253           29.707        
254           29.706        
255           29.706        
256           29.705        
257           29.705        
258           29.705        
259           29.705        
260           29.703        
261           29.703        
262           29.703        
263           29.703        
264           29.703        
265           29.706        
266           29.707        
267           29.708        
268           29.710        
269           29.711        
270           29.714        
271           29.716        
272           29.718        
273           29.723        
274           29.726        
275           29.728        
276           29.734        
277           29.737        
278           29.739        
279           29.743        
280           29.744        
281           29.749        
282           29.752        
283           29.754        
284           29.759        
285           29.762        
286           29.768        
287           29.771        
288           29.774        
289           29.782        
290           29.786        
291           29.791        
292           29.793        
293           29.794        
294           29.799        
295           29.801        
296           29.804        
297           29.810        
298           29.813        
299           29.814        
300           29.815        
301           29.816        
302           29.818        
303           29.820        
304           29.822        
305           29.824        
306           29.824        
307           29.825        
308           29.825        
309           29.826        
310           29.827        
311           29.827        
312           29.829        
313           29.829        
314           29.829        
315           29.830        
316           29.830        
317           29.830        
318           29.830        
319           29.830        
320           29.829        
321           29.829        
322           29.829        
323           29.828        
324           29.829        
325           29.829        
326           29.828        
327           29.828        
328           29.828        
329           29.828        
330           29.827        
331           29.827        
332           29.827        
333           29.826        
334           29.826        
335           29.825        
336           29.825        
337           29.825        
338           29.824        
339           29.823        
340           29.823        
341           29.821        
342           29.821        
343           29.820        
344           29.820        
345           29.819        
346           29.818        
347           29.817        
348           29.817        
349           29.816        
350           29.816        
351           29.816        
352           29.815        
353           29.814        
354           29.813        
355           29.813        
356           29.812        
357           29.812        
358           29.811        
359           29.811        
360           29.810        
361           29.809        
362           29.809        
363           29.808        
364           29.808        
365           29.806        
366           29.806        
367           29.804        
368           29.803        
369           29.803        
370           29.802        
371           29.802        
372           29.801        
373           29.798        
374           29.797        
375           29.795        
376           29.795        
377           29.795        
378           29.794        
379           29.794        
380           29.794        
381           29.791        
382           29.791        
383           29.791        
384           29.790        
385           29.790        
386           29.789        
387           29.789        
388           29.788        
389           29.787        
390           29.786        
391           29.785        
392           29.784        
393           29.783        
394           29.783        
395           29.782        
396           29.781        
397           29.781        
398           29.780        
399           29.778        
400           29.778        
401           29.778        
402           29.777        
403           29.776        
404           29.775        
405           29.775        
406           29.774        
407           29.774        
408           29.772        
409           29.772        
410           29.772        
411           29.772        
412           29.769        
413           29.769        
414           29.768        
415           29.767        
416           29.766        
417           29.765        
418           29.765        
419           29.764        
420           29.764        
421           29.763        
422           29.762        
423           29.762        
424           29.760        
425           29.758        
426           29.758        
427           29.758        
428           29.756        
429           29.756        
430           29.755        
431           29.755        
432           29.754        
433           29.753        
434           29.752        
435           29.752        
436           29.751        
437           29.751        
438           29.750        
439           29.749        
440           29.748        
441           29.747        
442           29.747        
443           29.745        
444           29.745        
445           29.744        
446           29.743        
447           29.742        
448           29.741        
449           29.740        
450           29.739        
451           29.738        
452           29.738        
453           29.738        
454           29.736        
455           29.735        
456           29.735        
457           29.733        
458           29.733        
459           29.731        
460           29.731        
461           29.731        
462           29.729        
463           29.729        
464           29.728        
465           29.728        
466           29.728        
467           29.727        
468           29.725        
469           29.725        
470           29.724        
471           29.723        
472           29.722        
473           29.722        
474           29.721        
475           29.720        
476           29.720        
477           29.719        
478           29.719        
479           29.718        
480           29.717        
481           29.716        
482           29.716        
483           29.714        
484           29.713        
485           29.713        
486           29.712        
487           29.712        
488           29.710        
489           29.710        
490           29.709        
491           29.707        
492           29.707        
493           29.706        
494           29.706        
495           29.706        
496           29.705        
497           29.705        
498           29.704        
499           29.703        
500           29.702        
501           29.701        
502           29.700        
503           29.699        
504           29.699        
505           29.698        
506           29.697        
507           29.697        
508           29.697        
509           29.696        
510           29.695        
511           29.695        
512           29.695        
513           29.695        
514           29.695        
515           29.696        
516           29.697        
517           29.700        
518           29.702        
519           29.704        
520           29.707        
521           29.708        
522           29.712        
523           29.715        
524           29.717        
525           29.723        
526           29.726        
527           29.734        
528           29.739        
529           29.745        
530           29.750        
531           29.753        
532           29.755        
533           29.759        
534           29.762        
535           29.772        
536           29.777        
537           29.780        
538           29.789        
539           29.794        
540           29.799        
541           29.807        
542           29.810        
543           29.816        
544           29.818        
545           29.819        
546           29.823        
547           29.825        
548           29.828        
549           29.829        
550           29.831        
551           29.834        
552           29.835        
553           29.836        
554           29.838        
555           29.838        
556           29.839        
557           29.840        
558           29.841        
559           29.843        
560           29.843        
561           29.843        
562           29.844        
563           29.844        
564           29.843        
565           29.843        
566           29.844        
567           29.845        
568           29.844        
569           29.843        
570           29.843        
571           29.844        
572           29.844        
573           29.843        
574           29.843        
575           29.843        
576           29.843        
577           29.842        
578           29.842        
579           29.843        
580           29.841        
581           29.841        
582           29.841        
583           29.841        
584           29.840        
585           29.839        
586           29.839        
587           29.838        
588           29.838        
589           29.838        
590           29.837        
591           29.836        
592           29.836        
593           29.835        
594           29.834        
595           29.834        
596           29.833        
597           29.833        
598           29.831        
599           29.831        
600           29.830        
601           29.829        
602           29.828        
603           29.828        
604           29.827        
605           29.826        
606           29.826        
607           29.825        
608           29.824        
609           29.824        
610           29.822        
611           29.821        
612           29.820        
613           29.819        
614           29.818        
615           29.818        
616           29.818        
617           29.817        
618           29.816        
619           29.816        
620           29.816        
621           29.815        
622           29.813        
623           29.813        
624           29.812        
625           29.812        
626           29.811        
627           29.810        
628           29.810        
629           29.810        
630           29.808        
631           29.807        
632           29.807        
633           29.806        
634           29.806        
635           29.804        
636           29.803        
637           29.803        
638           29.802        
639           29.801        
640           29.800        
641           29.800        
642           29.799        
643           29.798        
644           29.798        
645           29.797        
646           29.795        
647           29.795        
648           29.794        
649           29.794        
650           29.794        
651           29.792        
652           29.792        
653           29.791        
654           29.791        
655           29.790        
656           29.789        
657           29.789        
658           29.788        
659           29.786        
660           29.785        
661           29.784        
662           29.784        
663           29.783        
664           29.782        
665           29.781        
666           29.780        
667           29.780        
668           29.779        
669           29.777        
670           29.777        
671           29.777        
672           29.775        
673           29.775        
674           29.774        
675           29.774        
676           29.773        
677           29.772        
678           29.772        
679           29.771        
680           29.770        
681           29.770        
682           29.768        
683           29.768        
684           29.768        
685           29.766        
686           29.766        
687           29.764        
688           29.763        
689           29.763        
690           29.762        
691           29.762        
692           29.762        
693           29.760        
694           29.760        
695           29.759        
696           29.758        
697           29.758        
698           29.756        
699           29.755        
700           29.755        
701           29.753        
702           29.753        
703           29.752        
704           29.751        
705           29.751        
706           29.750        
707           29.750        
708           29.749        
709           29.747        
710           29.747        
711           29.746        
712           29.744        
713           29.744        
714           29.742        
715           29.742        
716           29.741        
717           29.740        
718           29.740        
719           29.739        
720           29.739        
721           29.738        
722           29.737        
723           29.736        
724           29.735        
725           29.734        
726           29.734        
727           29.733        
728           29.733        
729           29.732        
730           29.732        
731           29.731        
732           29.729        
733           29.729        
734           29.729        
735           29.727        
736           29.727        
737           29.726        
738           29.724        
739           29.724        
740           29.723        
741           29.722        
742           29.722        
743           29.721        
744           29.720        
745           29.719        
746           29.718        
747           29.717        
748           29.716        
749           29.715        
750           29.714        
751           29.713        
752           29.713        
753           29.712        
754           29.712        
755           29.711        
756           29.710        
757           29.710        
758           29.708        
759           29.707        
760           29.706        
761           29.706        
762           29.705        
763           29.705        
764           29.705        
765           29.704        
766           29.703        
767           29.702        
768           29.702        
769           29.700        
770           29.700        
771           29.698        
772           29.697        
773           29.697        
774           29.696        
775           29.696        
776           29.695        
777           29.696        
778           29.697        
779           29.698        
780           29.699        
781           29.700        
782           29.701        
783           29.702        
784           29.703        
785           29.705        
786           29.706        
787           29.711        
788           29.714        
789           29.717        
790           29.725        
791           29.728        
792           29.734        
793           29.738        
794           29.741        
795           29.746        
796           29.748        
797           29.753        
798           29.760        
799           29.764        
800           29.772        
801           29.774        
802           29.776        
803           29.781        
804           29.783        
805           29.785        
806           29.787        
807           29.789        
808           29.794        
809           29.797        
810           29.800        
811           29.805        
812           29.809        
813           29.813        
814           29.815        
815           29.816        
816           29.819        
817           29.820        
818           29.821        
819           29.822        
820           29.823        
821           29.824        
822           29.826        
823           29.827        
824           29.829        
825           29.829        
826           29.831        
827           29.832        
828           29.832        
829           29.832        
830           29.832        
831           29.833        
832           29.834        
833           29.834        
834           29.834        
835           29.834        
836           29.834        
837           29.834        
838           29.834        
839           29.834        
840           29.834        
841           29.834        
842           29.834        
843           29.834        
844           29.833        
845           29.833        
846           29.832        
847           29.832        
848           29.832        
849           29.832        
850           29.830        
851           29.830        
852           29.830        
853           29.829        
854           29.829        
855           29.827        
856           29.826        
857           29.826        
858           29.825        
859           29.824        
860           29.823        
861           29.822        
862           29.821        
863           29.821        
864           29.820        
865           29.820        
866           29.818        
867           29.818        
868           29.817        
869           29.816        
870           29.816        
871           29.815        
872           29.815        
873           29.814        
874           29.813        
875           29.812        
876           29.811        
877           29.811        
878           29.810        
879           29.810        
880           29.810        
881           29.809        
882           29.808        
883           29.807        
884           29.807        
885           29.806        
886           29.805        
887           29.804        
888           29.803        
889           29.802        
890           29.802        
891           29.801        
892           29.800        
893           29.800        
894           29.799        
895           29.798        
896           29.798        
897           29.797        
898           29.796        
899           29.796        
900           29.796        
901           29.795        
902           29.794        
903           29.793        
904           29.792        
905           29.790        
906           29.790        
907           29.789        
908           29.788        
909           29.787        
910           29.786        
911           29.786        
912           29.786        
913           29.784        
914           29.784        
915           29.783        
916           29.782        
917           29.781        
918           29.779        
919           29.778        
920           29.778        
921           29.777        
922           29.776        
923           29.776        
924           29.776        
925           29.775        
926           29.774        
927           29.773        
928           29.773        
929           29.772        
930           29.772        
931           29.771        
932           29.771        
933           29.770        
934           29.769        
935           29.768        
936           29.767        
937           29.765        
938           29.765        
939           29.764        
940           29.763        
941           29.763        
942           29.761        
943           29.761        
944           29.760        
945           29.759        
946           29.758        
947           29.757        
948           29.757        
949           29.756        
950           29.755        
951           29.754        
952           29.753        
953           29.753        
954           29.752        
955           29.751        
956           29.750        
957           29.750        
958           29.749        
959           29.748        
960           29.747        
961           29.746        
962           29.745        
963           29.746        
964           29.745        
965           29.744        
966           29.743        
967           29.742        
968           29.741        
969           29.740        
970           29.739        
971           29.738        
972           29.738        
973           29.737        
974           29.737        
975           29.736        
976           29.735        
977           29.735        
978           29.734        
979           29.733        
980           29.733        
981           29.732        
982           29.732        
983           29.732        
984           29.731        
985           29.731        
986           29.730        
987           29.728        
988           29.728        
989           29.727        
990           29.727        
991           29.725        
992           29.725        
993           29.725        
994           29.723        
995           29.722        
996           29.722        
997           29.720        
998           29.720        
999           29.719        
1000          29.717        
1001          29.717        
1002          29.716        
1003          29.715        
1004          29.714        
1005          29.713        
1006          29.713        
1007          29.712        
1008          29.710        
1009          29.710        
1010          29.709        
1011          29.708        
1012          29.708        
1013          29.707        
1014          29.706        
1015          29.705        
1016          29.705        
1017          29.705        
1018          29.704        
1019          29.703        
1020          29.703        
1021          29.701        
1022          29.701        
1023          29.700        
1024          29.699        
1025          29.699        
1026          29.697        
1027          29.697        
1028          29.697        
1029          29.696        
1030          29.696        
1031          29.696        
1032          29.697        
1033          29.697        
1034          29.701        
1035          29.703        
1036          29.706        
1037          29.707        
1038          29.708        
1039          29.710        
1040          29.712        
1041          29.713        
1042          29.716        
1043          29.717        
1044          29.722        
1045          29.723        
1046          29.727        
1047          29.732        
1048          29.735        
1049          29.739        
1050          29.741        
1051          29.743        
1052          29.750        
1053          29.754        
1054          29.758        
1055          29.768        
1056          29.772        
1057          29.778        
1058          29.781        
1059          29.785        
1060          29.789        
1061          29.790        
1062          29.791        
1063          29.793        
1064          29.794        
1065          29.801        
1066          29.804        
1067          29.807        
1068          29.813        
1069          29.816        
1070          29.823        
1071          29.824        
1072          29.826        
1073          29.832        
1074          29.834        
1075          29.835        
1076          29.838        
1077          29.839        
1078          29.840        
1079          29.841        
1080          29.841        
1081          29.842        
1082          29.842        
1083          29.842        
1084          29.842        
1085          29.843        
1086          29.842        
1087          29.842        
1088          29.843        
1089          29.844        
1090          29.844        
1091          29.843        
1092          29.843        
1093          29.842        
1094          29.841        
1095          29.841        
1096          29.841        
1097          29.841        
1098          29.841        
1099          29.840        
1100          29.840        
1101          29.840        
1102          29.839        
1103          29.838        
1104          29.838        
1105          29.838        
1106          29.837        
1107          29.836        
1108          29.836        
1109          29.836        
1110          29.835        
1111          29.835        
1112          29.834        
1113          29.834        
1114          29.833        
1115          29.833        
1116          29.832        
1117          29.832        
1118          29.831        
1119          29.831        
1120          29.831        
1121          29.830        
1122          29.830        
1123          29.829        
1124          29.829        
1125          29.828        
1126          29.826        
1127          29.825        
1128          29.824        
1129          29.823        
1130          29.823        
1131          29.822        
1132          29.821        
1133          29.820        
1134          29.819        
1135          29.819        
1136          29.819        
1137          29.818        
1138          29.818        
1139          29.816        
1140          29.816        
1141          29.815        
1142          29.814        
1143          29.813        
1144          29.812        
1145          29.811        
1146          29.810        
1147          29.810        
1148          29.810        
1149          29.808        
1150          29.807        
1151          29.807        
1152          29.806        
1153          29.805        
1154          29.805        
1155          29.805        
1156          29.804        
1157          29.803        
1158          29.802        
1159          29.802        
1160          29.802        
1161          29.801        
1162          29.800        
1163          29.799        
1164          29.798        
1165          29.796        
1166          29.796        
1167          29.794        
1168          29.794        
1169          29.794        
1170          29.792        
1171          29.792        
1172          29.792        
1173          29.790        
1174          29.790        
1175          29.789        
1176          29.788        
1177          29.787        
1178          29.786        
1179          29.785        
1180          29.785        
1181          29.783        
1182          29.782        
1183          29.781        
1184          29.780        
1185          29.780        
1186          29.780        
1187          29.779        
1188          29.778        
1189          29.778        
1190          29.777        
1191          29.776        
1192          29.776        
1193          29.776        
1194          29.774        
1195          29.773        
1196          29.772        
1197          29.772        
1198          29.772        
1199          29.771        
1200          29.770        
1201          29.770        
1202          29.768        
1203          29.768        
1204          29.767        
1205          29.766        
1206          29.765        
1207          29.764        
1208          29.763        
1209          29.762        
1210          29.762        
1211          29.761        
1212          29.760        
1213          29.759        
1214          29.759        
1215          29.758        
1216          29.757        
1217          29.756        
1218          29.756        
1219          29.756        
1220          29.754        
1221          29.754        
1222          29.754        
1223          29.752        
1224          29.752        
1225          29.751        
1226          29.750        
1227          29.749        
1228          29.747        
1229          29.746        
1230          29.745        
1231          29.745        
1232          29.744        
1233          29.743        
1234          29.742        
1235          29.741        
1236          29.739        
1237          29.739        
1238          29.738        
1239          29.737        
1240          29.737        
1241          29.735        
1242          29.735        
1243          29.735        
1244          29.734        
1245          29.734        
1246          29.732        
1247          29.732        
1248          29.731        
1249          29.730        
1250          29.730        
1251          29.728        
1252          29.728        
1253          29.728        
1254          29.727        
1255          29.726        
1256          29.726        
1257          29.725        
1258          29.724        
1259          29.723        
1260          29.723        
1261          29.722        
1262          29.721        
1263          29.721        
1264          29.719        
1265          29.719        
1266          29.719        
1267          29.718        
1268          29.717        
1269          29.716        
1270          29.715        
1271          29.714        
1272          29.713        
1273          29.713        
1274          29.713        
1275          29.712        
1276          29.711        
1277          29.710        
1278          29.709        
1279          29.709        
1280          29.708        
1281          29.707        
1282          29.707        
1283          29.705        
1284          29.704        
1285          29.703        
1286          29.703        
1287          29.702        
1288          29.701        
1289          29.701        
1290          29.700        
1291          29.700        
1292          29.700        
1293          29.700        
1294          29.700        
1295          29.700        
1296          29.702        
1297          29.703        
1298          29.705        
1299          29.707        
1300          29.708        
1301          29.709        
1302          29.709        
1303          29.710        
1304          29.711        
1305          29.712        
1306          29.713        
1307          29.716        
1308          29.719        
