±½¼×Ëá  
21.200
10.000
1             29.842        
2             29.842        
3             29.842        
4             29.841        
5             29.841        
6             29.840        
7             29.839        
8             29.839        
9             29.839        
10            29.837        
11            29.837        
12            29.836        
13            29.836        
14            29.835        
15            29.833        
16            29.832        
17            29.832        
18            29.831        
19            29.830        
20            29.829        
21            29.829        
22            29.828        
23            29.828        
24            29.827        
25            29.826        
26            29.825        
27            29.825        
28            29.823        
29            29.823        
30            29.822        
31            29.822        
32            29.820        
33            29.820        
34            29.820        
35            29.819        
36            29.818        
37            29.817        
38            29.817        
39            29.816        
40            29.816        
41            29.816        
42            29.815        
43            29.815        
44            29.814        
45            29.814        
46            29.812        
47            29.812        
48            29.811        
49            29.809        
50            29.809        
51            29.809        
52            29.807        
53            29.807        
54            29.806        
55            29.805        
56            29.804        
57            29.804        
58            29.803        
59            29.802        
60            29.801        
61            29.799        
62            29.798        
63            29.797        
64            29.797        
65            29.796        
66            29.795        
67            29.795        
68            29.795        
69            29.794        
70            29.793        
71            29.793        
72            29.792        
73            29.791        
74            29.790        
75            29.789        
76            29.788        
77            29.787        
78            29.786        
79            29.786        
80            29.785        
81            29.784        
82            29.784        
83            29.783        
84            29.783        
85            29.782        
86            29.781        
87            29.780        
88            29.778        
89            29.778        
90            29.777        
91            29.777        
92            29.776        
93            29.775        
94            29.775        
95            29.774        
96            29.773        
97            29.772        
98            29.771        
99            29.771        
100           29.770        
101           29.769        
102           29.769        
103           29.768        
104           29.768        
105           29.767        
106           29.767        
107           29.766        
108           29.766        
109           29.764        
110           29.764        
111           29.763        
112           29.762        
113           29.762        
114           29.761        
115           29.759        
116           29.759        
117           29.758        
118           29.757        
119           29.756        
120           29.755        
121           29.755        
122           29.754        
123           29.753        
124           29.752        
125           29.750        
126           29.750        
127           29.750        
128           29.749        
129           29.748        
130           29.747        
131           29.746        
132           29.746        
133           29.745        
134           29.744        
135           29.744        
136           29.742        
137           29.742        
138           29.741        
139           29.740        
140           29.740        
141           29.738        
142           29.738        
143           29.737        
144           29.736        
145           29.737        
146           29.736        
147           29.735        
148           29.734        
149           29.734        
150           29.733        
151           29.732        
152           29.731        
153           29.730        
154           29.728        
155           29.728        
156           29.727        
157           29.726        
158           29.725        
159           29.724        
160           29.723        
161           29.724        
162           29.722        
163           29.721        
164           29.721        
165           29.720        
166           29.720        
167           29.717        
168           29.717        
169           29.716        
170           29.714        
171           29.714        
172           29.713        
173           29.712        
174           29.712        
175           29.711        
176           29.711        
177           29.709        
178           29.708        
179           29.708        
180           29.707        
181           29.707        
182           29.706        
183           29.706        
184           29.705        
185           29.705        
186           29.703        
187           29.703        
188           29.702        
189           29.702        
190           29.701        
191           29.700        
192           29.699        
193           29.698        
194           29.698        
195           29.698        
196           29.697        
197           29.697        
198           29.698        
199           29.700        
200           29.701        
201           29.705        
202           29.707        
203           29.711        
204           29.724        
205           29.733        
206           29.743        
207           29.762        
208           29.771        
209           29.789        
210           29.800        
211           29.815        
212           29.845        
213           29.858        
214           29.882        
215           29.893        
216           29.902        
217           29.919        
218           29.929        
219           29.941        
220           29.962        
221           29.972        
222           29.992        
223           30.000        
224           30.007        
225           30.018        
226           30.023        
227           30.027        
228           30.036        
229           30.039        
230           30.041        
231           30.042        
232           30.043        
233           30.047        
234           30.050        
235           30.054        
236           30.057        
237           30.058        
238           30.061        
239           30.064        
240           30.066        
241           30.068        
242           30.069        
243           30.070        
244           30.070        
245           30.070        
246           30.071        
247           30.072        
248           30.072        
249           30.072        
250           30.072        
251           30.071        
252           30.070        
253           30.071        
254           30.071        
255           30.071        
256           30.071        
257           30.071        
258           30.069        
259           30.070        
260           30.070        
261           30.070        
262           30.069        
263           30.069        
264           30.068        
265           30.068        
266           30.068        
267           30.068        
268           30.067        
269           30.065        
270           30.065        
271           30.064        
272           30.063        
273           30.062        
274           30.062        
275           30.061        
276           30.060        
277           30.059        
278           30.059        
279           30.058        
280           30.058        
281           30.058        
282           30.057        
283           30.056        
284           30.055        
285           30.055        
286           30.053        
287           30.052        
288           30.051        
289           30.050        
290           30.049        
291           30.049        
292           30.048        
293           30.047        
294           30.047        
295           30.046        
296           30.045        
297           30.045        
298           30.043        
299           30.043        
300           30.042        
301           30.041        
302           30.040        
303           30.039        
304           30.038        
305           30.038        
306           30.037        
307           30.037        
308           30.036        
309           30.035        
310           30.034        
311           30.034        
312           30.033        
313           30.032        
314           30.032        
315           30.031        
316           30.031        
317           30.030        
318           30.029        
319           30.027        
320           30.026        
321           30.026        
322           30.025        
323           30.024        
324           30.023        
325           30.022        
326           30.021        
327           30.020        
328           30.019        
329           30.019        
330           30.018        
331           30.018        
332           30.018        
333           30.017        
334           30.016        
335           30.015        
336           30.015        
337           30.014        
338           30.014        
339           30.013        
340           30.012        
341           30.011        
342           30.010        
343           30.009        
344           30.008        
345           30.008        
346           30.006        
347           30.006        
348           30.005        
349           30.005        
350           30.005        
351           30.003        
352           30.002        
353           30.001        
354           30.000        
355           29.999        
356           29.998        
357           29.997        
358           29.996        
359           29.995        
360           29.995        
361           29.994        
362           29.993        
363           29.993        
364           29.992        
365           29.992        
366           29.990        
367           29.989        
368           29.988        
369           29.987        
370           29.986        
371           29.986        
372           29.985        
373           29.985        
374           29.983        
375           29.982        
376           29.982        
377           29.981        
378           29.980        
379           29.979        
380           29.979        
381           29.978        
382           29.977        
383           29.977        
384           29.976        
385           29.975        
386           29.974        
387           29.973        
388           29.971        
389           29.971        
390           29.970        
391           29.969        
392           29.969        
393           29.968        
394           29.968        
395           29.967        
396           29.965        
397           29.966        
398           29.965        
399           29.964        
400           29.964        
401           29.962        
402           29.962        
403           29.960        
404           29.960        
405           29.959        
406           29.958        
407           29.958        
408           29.957        
409           29.956        
410           29.955        
411           29.953        
412           29.952        
413           29.952        
414           29.951        
415           29.951        
416           29.949        
417           29.949        
418           29.949        
419           29.948        
420           29.948        
421           29.947        
422           29.946        
423           29.945        
424           29.944        
425           29.943        
426           29.943        
427           29.942        
428           29.941        
429           29.941        
430           29.940        
431           29.940        
432           29.938        
433           29.937        
434           29.937        
435           29.936        
436           29.935        
437           29.934        
438           29.933        
439           29.933        
440           29.933        
441           29.931        
442           29.930        
443           29.929        
444           29.928        
445           29.926        
446           29.926        
447           29.926        
448           29.924        
449           29.923        
450           29.923        
451           29.922        
452           29.922        
453           29.920        
454           29.919        
455           29.919        
456           29.918        
457           29.917        
458           29.916        
459           29.916        
460           29.915        
461           29.914        
462           29.913        
463           29.913        
464           29.912        
465           29.912        
466           29.911        
467           29.911        
468           29.910        
469           29.908        
470           29.908        
471           29.907        
472           29.906        
473           29.906        
474           29.904        
475           29.904        
476           29.904        
477           29.903        
478           29.903        
479           29.901        
480           29.901        
481           29.900        
482           29.899        
483           29.898        
484           29.898        
485           29.897        
486           29.896        
487           29.895        
488           29.894        
489           29.894        
490           29.892        
491           29.892        
492           29.890        
493           29.890        
494           29.889        
495           29.888        
496           29.887        
497           29.887        
498           29.885        
499           29.885        
500           29.883        
501           29.883        
502           29.883        
503           29.883        
504           29.882        
505           29.882        
506           29.880        
507           29.880        
508           29.879        
509           29.878        
510           29.878        
511           29.876        
512           29.876        
513           29.875        
514           29.873        
515           29.873        
516           29.871        
517           29.871        
518           29.870        
519           29.869        
520           29.868        
521           29.868        
522           29.868        
523           29.867        
524           29.865        
525           29.864        
526           29.865        
527           29.864        
528           29.864        
529           29.862        
530           29.861        
531           29.860        
532           29.860        
533           29.860        
534           29.857        
535           29.857        
536           29.857        
537           29.856        
538           29.855        
539           29.855        
540           29.854        
541           29.853        
542           29.852        
543           29.852        
544           29.851        
545           29.850        
546           29.849        
547           29.849        
548           29.847        
549           29.846        
550           29.845        
551           29.845        
552           29.844        
553           29.843        
554           29.842        
555           29.842        
556           29.841        
557           29.841        
558           29.838        
559           29.838        
560           29.838        
561           29.837        
562           29.836        
563           29.834        
564           29.834        
565           29.834        
566           29.832        
567           29.832        
568           29.832        
569           29.831        
570           29.831        
571           29.829        
572           29.828        
573           29.828        
574           29.827        
575           29.826        
576           29.825        
577           29.825        
578           29.824        
579           29.822        
580           29.822        
581           29.821        
582           29.820        
583           29.819        
584           29.818        
585           29.817        
586           29.817        
587           29.816        
588           29.816        
589           29.816        
590           29.814        
591           29.814        
592           29.813        
593           29.813        
594           29.812        
595           29.811        
596           29.810        
597           29.810        
598           29.808        
599           29.808        
600           29.806        
601           29.805        
602           29.804        
603           29.803        
604           29.803        
605           29.802        
606           29.802        
607           29.801        
608           29.800        
609           29.799        
610           29.798        
611           29.797        
612           29.797        
613           29.796        
614           29.796        
615           29.795        
616           29.794        
617           29.794        
618           29.792        
619           29.792        
620           29.792        
621           29.790        
622           29.790        
623           29.789        
624           29.788        
625           29.787        
626           29.787        
627           29.786        
628           29.785        
629           29.782        
630           29.782        
631           29.782        
632           29.782        
633           29.781        
634           29.779        
635           29.779        
636           29.779        
637           29.777        
638           29.777        
639           29.776        
640           29.774        
641           29.773        
642           29.773        
643           29.772        
644           29.772        
645           29.771        
646           29.771        
647           29.770        
648           29.770        
649           29.769        
650           29.768        
651           29.768        
652           29.767        
653           29.766        
654           29.765        
655           29.764        
656           29.764        
657           29.763        
658           29.762        
659           29.761        
660           29.760        
661           29.759        
662           29.759        
663           29.758        
664           29.757        
665           29.757        
666           29.755        
667           29.755        
668           29.754        
669           29.753        
670           29.752        
671           29.751        
672           29.751        
673           29.751        
674           29.750        
675           29.750        
676           29.749        
677           29.749        
678           29.748        
679           29.747        
680           29.746        
681           29.745        
682           29.745        
683           29.744        
684           29.742        
685           29.742        
686           29.742        
687           29.739        
688           29.739        
689           29.738        
690           29.738        
691           29.737        
692           29.736        
693           29.735        
694           29.734        
695           29.733        
696           29.732        
697           29.730        
698           29.730        
699           29.730        
700           29.728        
701           29.727        
702           29.727        
703           29.727        
704           29.726        
705           29.725        
706           29.725        
707           29.725        
708           29.723        
709           29.723        
710           29.722        
711           29.721        
712           29.721        
713           29.719        
714           29.719        
715           29.719        
716           29.717        
717           29.716        
718           29.715        
719           29.715        
720           29.715        
721           29.714        
722           29.713        
723           29.712        
724           29.711        
725           29.711        
726           29.710        
727           29.709        
728           29.708        
729           29.708        
730           29.707        
731           29.706        
732           29.706        
733           29.705        
734           29.703        
735           29.703        
736           29.702        
737           29.701        
738           29.701        
739           29.700        
740           29.700        
741           29.701        
742           29.704        
743           29.706        
744           29.707        
745           29.709        
746           29.710        
747           29.715        
748           29.723        
749           29.731        
750           29.751        
751           29.762        
752           29.778        
753           29.785        
754           29.793        
755           29.818        
756           29.836        
757           29.863        
758           29.873        
759           29.883        
760           29.902        
761           29.909        
762           29.916        
763           29.925        
764           29.927        
765           29.939        
766           29.945        
767           29.952        
768           29.963        
769           29.969        
770           29.975        
771           29.984        
772           29.988        
773           29.995        
774           29.998        
775           30.001        
776           30.005        
777           30.007        
778           30.010        
779           30.011        
780           30.013        
781           30.014        
782           30.015        
783           30.015        
784           30.015        
785           30.015        
786           30.016        
787           30.016        
788           30.016        
789           30.017        
790           30.017        
791           30.017        
792           30.017        
793           30.018        
794           30.018        
795           30.017        
796           30.016        
797           30.017        
798           30.016        
799           30.016        
800           30.015        
801           30.015        
802           30.015        
803           30.015        
804           30.015        
805           30.013        
806           30.012        
807           30.011        
808           30.010        
809           30.010        
810           30.009        
811           30.009        
812           30.009        
813           30.007        
814           30.006        
815           30.005        
816           30.005        
817           30.004        
818           30.004        
819           30.003        
820           30.003        
821           30.002        
822           30.002        
823           30.000        
824           30.000        
825           30.000        
826           29.999        
827           29.998        
828           29.997        
829           29.997        
830           29.996        
831           29.996        
832           29.996        
833           29.995        
834           29.994        
835           29.994        
836           29.993        
837           29.993        
838           29.992        
839           29.991        
840           29.990        
841           29.988        
842           29.988        
843           29.987        
844           29.986        
845           29.986        
846           29.985        
847           29.984        
848           29.983        
849           29.982        
850           29.981        
851           29.980        
852           29.979        
853           29.979        
854           29.978        
855           29.977        
856           29.976        
857           29.975        
858           29.975        
859           29.975        
860           29.973        
861           29.973        
862           29.972        
863           29.971        
864           29.970        
865           29.969        
866           29.969        
867           29.968        
868           29.967        
869           29.966        
870           29.966        
871           29.965        
872           29.964        
873           29.963        
874           29.963        
875           29.962        
876           29.961        
877           29.960        
878           29.960        
879           29.960        
880           29.959        
881           29.958        
882           29.957        
883           29.956        
884           29.955        
885           29.954        
886           29.952        
887           29.952        
888           29.952        
889           29.950        
890           29.949        
891           29.948        
892           29.948        
893           29.948        
894           29.946        
895           29.945        
896           29.945        
897           29.944        
898           29.943        
899           29.941        
900           29.941        
901           29.940        
902           29.938        
903           29.938        
904           29.937        
905           29.936        
906           29.936        
907           29.935        
908           29.934        
909           29.934        
910           29.933        
911           29.933        
912           29.932        
913           29.932        
914           29.931        
915           29.930        
916           29.929        
917           29.928        
918           29.928        
919           29.927        
920           29.926        
921           29.926        
922           29.925        
923           29.924        
924           29.924        
925           29.922        
926           29.922        
927           29.921        
928           29.920        
929           29.920        
930           29.920        
931           29.918        
932           29.917        
933           29.915        
934           29.915        
935           29.915        
936           29.913        
937           29.913        
938           29.913        
939           29.911        
940           29.911        
941           29.909        
942           29.909        
943           29.909        
944           29.907        
945           29.907        
946           29.905        
947           29.904        
948           29.904        
949           29.903        
950           29.902        
951           29.902        
952           29.901        
953           29.900        
954           29.899        
955           29.899        
956           29.898        
957           29.897        
958           29.897        
959           29.896        
960           29.894        
961           29.894        
962           29.893        
963           29.892        
964           29.892        
965           29.891        
966           29.890        
967           29.890        
968           29.889        
969           29.889        
970           29.887        
971           29.887        
972           29.886        
973           29.886        
974           29.885        
975           29.884        
976           29.884        
977           29.883        
978           29.882        
979           29.882        
980           29.881        
981           29.880        
982           29.880        
983           29.879        
984           29.878        
985           29.877        
986           29.876        
987           29.875        
988           29.873        
989           29.873        
990           29.873        
991           29.872        
992           29.871        
993           29.870        
994           29.868        
995           29.868        
996           29.867        
997           29.866        
998           29.865        
999           29.865        
1000          29.864        
1001          29.862        
1002          29.861        
1003          29.860        
1004          29.860        
1005          29.860        
1006          29.860        
1007          29.858        
1008          29.858        
1009          29.858        
1010          29.857        
1011          29.856        
1012          29.855        
1013          29.855        
1014          29.854        
1015          29.853        
1016          29.852        
1017          29.851        
1018          29.850        
1019          29.849        
1020          29.849        
1021          29.848        
1022          29.847        
1023          29.846        
1024          29.845        
1025          29.844        
1026          29.844        
1027          29.843        
1028          29.842        
1029          29.841        
1030          29.839        
1031          29.839        
1032          29.838        
1033          29.838        
1034          29.837        
1035          29.837        
1036          29.835        
1037          29.835        
1038          29.834        
1039          29.833        
1040          29.832        
1041          29.831        
1042          29.831        
1043          29.830        
1044          29.829        
1045          29.829        
1046          29.828        
1047          29.827        
1048          29.827        
1049          29.827        
1050          29.826        
1051          29.824        
1052          29.824        
1053          29.824        
1054          29.823        
1055          29.822        
1056          29.822        
1057          29.820        
1058          29.819        
1059          29.819        
1060          29.818        
1061          29.817        
1062          29.816        
1063          29.816        
1064          29.814        
1065          29.814        
1066          29.813        
1067          29.813        
1068          29.811        
1069          29.811        
1070          29.810        
1071          29.809        
1072          29.808        
1073          29.807        
1074          29.807        
1075          29.806        
1076          29.805        
1077          29.805        
1078          29.805        
1079          29.804        
1080          29.804        
1081          29.803        
1082          29.803        
1083          29.801        
1084          29.801        
1085          29.800        
1086          29.799        
1087          29.799        
1088          29.797        
1089          29.797        
1090          29.796        
1091          29.795        
1092          29.794        
1093          29.793        
1094          29.792        
1095          29.792        
1096          29.790        
1097          29.790        
1098          29.789        
1099          29.788        
1100          29.787        
1101          29.786        
1102          29.785        
1103          29.784        
1104          29.783        
1105          29.783        
1106          29.782        
1107          29.782        
1108          29.782        
1109          29.781        
1110          29.780        
1111          29.779        
1112          29.778        
1113          29.778        
1114          29.777        
1115          29.776        
1116          29.776        
1117          29.775        
1118          29.774        
1119          29.774        
1120          29.772        
1121          29.772        
1122          29.772        
1123          29.771        
1124          29.770        
1125          29.769        
1126          29.769        
1127          29.767        
1128          29.767        
1129          29.765        
1130          29.763        
1131          29.763        
1132          29.762        
1133          29.761        
1134          29.760        
1135          29.759        
1136          29.759        
1137          29.758        
1138          29.757        
1139          29.756        
1140          29.756        
1141          29.755        
1142          29.754        
1143          29.754        
1144          29.753        
1145          29.752        
1146          29.752        
1147          29.751        
1148          29.749        
1149          29.749        
1150          29.748        
1151          29.748        
1152          29.747        
1153          29.746        
1154          29.746        
1155          29.745        
1156          29.744        
1157          29.744        
1158          29.742        
1159          29.741        
1160          29.741        
1161          29.741        
1162          29.740        
1163          29.739        
1164          29.738        
1165          29.736        
1166          29.736        
1167          29.736        
1168          29.735        
1169          29.734        
1170          29.734        
1171          29.733        
1172          29.732        
1173          29.731        
1174          29.731        
1175          29.730        
1176          29.730        
1177          29.730        
1178          29.729        
1179          29.729        
1180          29.727        
1181          29.727        
1182          29.726        
1183          29.725        
1184          29.724        
1185          29.723        
1186          29.723        
1187          29.723        
1188          29.721        
1189          29.720        
1190          29.719        
1191          29.719        
1192          29.718        
1193          29.716        
1194          29.716        
1195          29.715        
1196          29.713        
1197          29.713        
1198          29.711        
1199          29.711        
1200          29.711        
1201          29.710        
1202          29.709        
1203          29.709        
1204          29.707        
1205          29.707        
1206          29.705        
1207          29.705        
1208          29.704        
1209          29.703        
1210          29.704        
1211          29.705        
1212          29.706        
1213          29.706        
1214          29.708        
1215          29.709        
1216          29.711        
1217          29.715        
1218          29.719        
1219          29.728        
1220          29.735        
1221          29.743        
1222          29.755        
1223          29.758        
1224          29.761        
1225          29.770        
1226          29.775        
1227          29.788        
1228          29.798        
1229          29.809        
1230          29.834        
1231          29.846        
1232          29.869        
1233          29.882        
1234          29.893        
1235          29.913        
1236          29.921        
1237          29.929        
1238          29.947        
1239          29.960        
1240          29.985        
1241          29.997        
1242          30.009        
1243          30.029        
1244          30.038        
1245          30.049        
1246          30.054        
1247          30.058        
1248          30.064        
1249          30.066        
1250          30.068        
1251          30.071        
1252          30.072        
1253          30.075        
1254          30.077        
1255          30.077        
1256          30.079        
1257          30.079        
1258          30.080        
1259          30.081        
1260          30.080        
1261          30.081        
1262          30.081        
1263          30.081        
1264          30.082        
1265          30.081        
1266          30.081        
1267          30.081        
1268          30.081        
1269          30.081        
1270          30.081        
1271          30.081        
1272          30.081        
1273          30.081        
1274          30.081        
1275          30.081        
1276          30.081        
1277          30.080        
1278          30.080        
1279          30.080        
1280          30.079        
1281          30.079        
1282          30.078        
1283          30.078        
1284          30.078        
1285          30.077        
1286          30.077        
1287          30.076        
1288          30.076        
1289          30.075        
1290          30.074        
1291          30.073        
1292          30.073        
1293          30.073        
1294          30.072        
1295          30.070        
1296          30.069        
1297          30.069        
1298          30.069        
1299          30.068        
1300          30.068        
1301          30.068        
1302          30.067        
1303          30.066        
1304          30.065        
1305          30.065        
1306          30.063        
1307          30.063        
1308          30.062        
1309          30.062        
1310          30.061        
1311          30.059        
1312          30.059        
1313          30.059        
1314          30.057        
1315          30.057        
1316          30.055        
1317          30.054        
1318          30.054        
