±½¼×Ëá  
22.800
10.000
1             29.835        
2             29.830        
3             29.826        
4             29.818        
5             29.815        
6             29.811        
7             29.802        
8             29.797        
9             29.792        
10            29.784        
11            29.781        
12            29.776        
13            29.774        
14            29.773        
15            29.772        
16            29.771        
17            29.770        
18            29.770        
19            29.769        
20            29.768        
21            29.767        
22            29.765        
23            29.762        
24            29.759        
25            29.756        
26            29.755        
27            29.754        
28            29.752        
29            29.751        
30            29.750        
31            29.750        
32            29.750        
33            29.749        
34            29.748        
35            29.747        
36            29.738        
37            29.733        
38            29.721        
39            29.715        
40            29.709        
41            29.699        
42            29.696        
43            29.694        
44            29.690        
45            29.690        
46            29.687        
47            29.686        
48            29.684        
49            29.682        
50            29.681        
51            29.680        
52            29.677        
53            29.677        
54            29.675        
55            29.674        
56            29.672        
57            29.669        
58            29.668        
59            29.665        
60            29.663        
61            29.662        
62            29.660        
63            29.658        
64            29.656        
65            29.655        
66            29.655        
67            29.654        
68            29.653        
69            29.654        
70            29.652        
71            29.651        
72            29.651        
73            29.649        
74            29.647        
75            29.644        
76            29.641        
77            29.641        
78            29.638        
79            29.636        
80            29.632        
81            29.631        
82            29.629        
83            29.629        
84            29.629        
85            29.629        
86            29.630        
87            29.630        
88            29.630        
89            29.630        
90            29.631        
91            29.633        
92            29.634        
93            29.636        
94            29.641        
95            29.644        
96            29.650        
97            29.653        
98            29.658        
99            29.673        
100           29.683        
101           29.702        
102           29.711        
103           29.720        
104           29.740        
105           29.750        
106           29.762        
107           29.785        
108           29.795        
109           29.815        
110           29.823        
111           29.829        
112           29.840        
113           29.845        
114           29.850        
115           29.861        
116           29.866        
117           29.876        
118           29.885        
119           29.897        
120           29.914        
121           29.921        
122           29.930        
123           29.933        
124           29.936        
125           29.943        
126           29.947        
127           29.951        
128           29.959        
129           29.963        
130           29.969        
131           29.972        
132           29.974        
133           29.980        
134           29.983        
135           29.989        
136           30.004        
137           30.012        
138           30.026        
139           30.033        
140           30.039        
141           30.051        
142           30.055        
143           30.062        
144           30.064        
145           30.067        
146           30.075        
147           30.080        
148           30.085        
149           30.096        
150           30.102        
151           30.111        
152           30.114        
153           30.117        
154           30.121        
155           30.124        
156           30.126        
157           30.129        
158           30.130        
159           30.131        
160           30.131        
161           30.130        
162           30.131        
163           30.131        
164           30.130        
165           30.130        
166           30.130        
167           30.128        
168           30.127        
169           30.125        
170           30.121        
171           30.121        
172           30.118        
173           30.117        
174           30.117        
175           30.116        
176           30.116        
177           30.115        
178           30.113        
179           30.112        
180           30.108        
181           30.106        
182           30.104        
183           30.101        
184           30.098        
185           30.093        
186           30.091        
187           30.088        
188           30.084        
189           30.083        
190           30.081        
191           30.077        
192           30.075        
193           30.067        
194           30.063        
195           30.059        
196           30.050        
197           30.046        
198           30.043        
199           30.039        
200           30.037        
201           30.035        
202           30.034        
203           30.033        
204           30.032        
205           30.032        
206           30.030        
207           30.029        
208           30.029        
209           30.026        
210           30.024        
211           30.020        
212           30.014        
213           30.011        
214           30.007        
215           30.005        
216           30.004        
217           30.001        
218           30.000        
219           29.998        
220           29.996        
221           29.995        
222           29.993        
223           29.991        
224           29.989        
225           29.984        
226           29.983        
227           29.979        
228           29.978        
229           29.976        
230           29.971        
231           29.969        
232           29.966        
233           29.961        
234           29.958        
235           29.953        
236           29.950        
237           29.949        
238           29.943        
239           29.940        
240           29.937        
241           29.935        
242           29.932        
243           29.928        
244           29.926        
245           29.924        
246           29.920        
247           29.919        
248           29.915        
249           29.912        
250           29.911        
251           29.907        
252           29.904        
253           29.903        
254           29.897        
255           29.895        
256           29.891        
257           29.889        
258           29.887        
259           29.884        
260           29.882        
261           29.880        
262           29.876        
263           29.875        
264           29.873        
265           29.871        
266           29.869        
267           29.866        
268           29.864        
269           29.861        
270           29.859        
271           29.857        
272           29.852        
273           29.850        
274           29.848        
275           29.843        
276           29.842        
277           29.838        
278           29.836        
279           29.834        
280           29.829        
281           29.827        
282           29.824        
283           29.820        
284           29.817        
285           29.814        
286           29.812        
287           29.810        
288           29.806        
289           29.804        
290           29.799        
291           29.796        
292           29.794        
293           29.788        
294           29.786        
295           29.784        
296           29.780        
297           29.778        
298           29.776        
299           29.774        
300           29.772        
301           29.768        
302           29.766        
303           29.764        
304           29.761        
305           29.760        
306           29.756        
307           29.755        
308           29.754        
309           29.752        
310           29.751        
311           29.747        
312           29.746        
313           29.744        
314           29.739        
315           29.737        
316           29.735        
317           29.731        
318           29.729        
319           29.727        
320           29.725        
321           29.723        
322           29.720        
323           29.718        
324           29.716        
325           29.708        
326           29.703        
327           29.694        
328           29.690        
329           29.687        
330           29.680        
331           29.677        
332           29.673        
333           29.671        
334           29.669        
335           29.666        
336           29.664        
337           29.663        
338           29.661        
339           29.660        
340           29.657        
341           29.656        
342           29.656        
343           29.654        
344           29.653        
345           29.651        
346           29.650        
347           29.649        
348           29.647        
349           29.646        
350           29.644        
351           29.642        
352           29.640        
353           29.635        
354           29.633        
355           29.632        
356           29.628        
357           29.628        
358           29.627        
359           29.624        
360           29.625        
361           29.628        
362           29.629        
363           29.631        
364           29.634        
365           29.635        
366           29.640        
367           29.640        
368           29.641        
369           29.648        
370           29.655        
371           29.663        
372           29.677        
373           29.683        
374           29.697        
375           29.703        
376           29.710        
377           29.723        
378           29.729        
379           29.734        
380           29.745        
381           29.751        
382           29.760        
383           29.767        
384           29.773        
385           29.778        
386           29.778        
387           29.780        
388           29.781        
389           29.784        
390           29.799        
391           29.811        
392           29.830        
393           29.872        
394           29.892        
395           29.926        
396           29.940        
397           29.953        
398           29.977        
399           29.986        
400           29.995        
401           30.018        
402           30.030        
403           30.052        
404           30.061        
405           30.070        
406           30.081        
407           30.084        
408           30.086        
409           30.088        
410           30.090        
411           30.091        
412           30.090        
413           30.089        
414           30.085        
415           30.085        
416           30.086        
417           30.087        
418           30.088        
419           30.092        
420           30.096        
421           30.101        
422           30.110        
423           30.113        
424           30.119        
425           30.124        
426           30.129        
427           30.137        
428           30.140        
429           30.145        
430           30.147        
431           30.149        
432           30.151        
433           30.152        
434           30.152        
435           30.154        
436           30.154        
437           30.152        
438           30.151        
439           30.150        
440           30.146        
441           30.142        
442           30.138        
443           30.132        
444           30.130        
445           30.125        
446           30.124        
447           30.122        
448           30.119        
449           30.117        
450           30.115        
451           30.113        
452           30.112        
453           30.110        
454           30.110        
455           30.109        
456           30.108        
457           30.107        
458           30.103        
459           30.102        
460           30.100        
461           30.097        
462           30.095        
463           30.091        
464           30.087        
465           30.085        
466           30.083        
467           30.081        
468           30.077        
469           30.073        
470           30.072        
471           30.068        
472           30.067        
473           30.065        
474           30.062        
475           30.059        
476           30.058        
477           30.054        
478           30.052        
479           30.049        
480           30.047        
481           30.046        
482           30.043        
483           30.041        
484           30.039        
485           30.035        
486           30.032        
487           30.028        
488           30.025        
489           30.023        
490           30.018        
491           30.015        
492           30.011        
493           30.009        
494           30.007        
495           30.000        
496           29.996        
497           29.993        
498           29.987        
499           29.984        
500           29.980        
501           29.979        
502           29.977        
503           29.975        
504           29.974        
505           29.973        
506           29.971        
507           29.970        
508           29.967        
509           29.964        
510           29.961        
511           29.956        
512           29.954        
513           29.950        
514           29.949        
515           29.947        
516           29.943        
517           29.942        
518           29.941        
519           29.937        
520           29.936        
521           29.933        
522           29.932        
523           29.930        
524           29.926        
525           29.923        
526           29.921        
527           29.914        
528           29.912        
529           29.907        
530           29.906        
531           29.904        
532           29.901        
533           29.899        
534           29.896        
535           29.894        
536           29.892        
537           29.887        
538           29.885        
539           29.883        
540           29.880        
541           29.879        
542           29.875        
543           29.872        
544           29.869        
545           29.865        
546           29.862        
547           29.860        
548           29.857        
549           29.855        
550           29.851        
551           29.849        
552           29.847        
553           29.843        
554           29.841        
555           29.838        
556           29.836        
557           29.835        
558           29.830        
559           29.828        
560           29.826        
561           29.822        
562           29.821        
563           29.819        
564           29.818        
565           29.817        
566           29.813        
567           29.812        
568           29.809        
569           29.806        
570           29.803        
571           29.801        
572           29.800        
573           29.799        
574           29.795        
575           29.794        
576           29.789        
577           29.787        
578           29.785        
579           29.781        
580           29.778        
581           29.776        
582           29.772        
583           29.770        
584           29.766        
585           29.763        
586           29.761        
587           29.759        
588           29.756        
589           29.756        
590           29.754        
591           29.752        
592           29.749        
593           29.748        
594           29.745        
595           29.743        
596           29.741        
597           29.737        
598           29.736        
599           29.734        
600           29.729        
601           29.727        
602           29.725        
603           29.719        
604           29.715        
605           29.707        
606           29.704        
607           29.700        
608           29.697        
609           29.695        
610           29.693        
611           29.687        
612           29.685        
613           29.681        
614           29.680        
615           29.678        
616           29.675        
617           29.673        
618           29.670        
619           29.667        
620           29.666        
621           29.662        
622           29.660        
623           29.657        
624           29.655        
625           29.654        
626           29.651        
627           29.651        
628           29.649        
629           29.645        
630           29.643        
631           29.640        
632           29.633        
633           29.629        
634           29.622        
635           29.618        
636           29.614        
637           29.605        
638           29.602        
639           29.599        
640           29.599        
641           29.599        
642           29.601        
643           29.601        
644           29.601        
645           29.601        
646           29.601        
647           29.603        
648           29.605        
649           29.607        
650           29.608        
651           29.609        
652           29.611        
653           29.620        
654           29.625        
655           29.635        
656           29.640        
657           29.645        
658           29.658        
659           29.664        
660           29.680        
661           29.689        
662           29.698        
663           29.713        
664           29.719        
665           29.725        
666           29.735        
667           29.739        
668           29.747        
669           29.750        
670           29.753        
671           29.759        
672           29.762        
673           29.764        
674           29.773        
675           29.778        
676           29.787        
677           29.793        
678           29.798        
679           29.809        
680           29.814        
681           29.826        
682           29.832        
683           29.835        
684           29.842        
685           29.846        
686           29.850        
687           29.859        
688           29.865        
689           29.876        
690           29.883        
691           29.893        
692           29.916        
693           29.928        
694           29.939        
695           29.952        
696           29.960        
697           29.980        
698           29.989        
699           29.995        
700           30.007        
701           30.013        
702           30.023        
703           30.029        
704           30.035        
705           30.045        
706           30.049        
707           30.053        
708           30.059        
709           30.063        
710           30.068        
711           30.071        
712           30.074        
713           30.080        
714           30.082        
715           30.085        
716           30.087        
717           30.088        
718           30.086        
719           30.086        
720           30.085        
721           30.082        
722           30.081        
723           30.079        
724           30.078        
725           30.077        
726           30.075        
727           30.074        
728           30.073        
729           30.070        
730           30.070        
731           30.068        
732           30.067        
733           30.064        
734           30.061        
735           30.059        
736           30.056        
737           30.054        
738           30.052        
739           30.049        
740           30.047        
741           30.044        
742           30.040        
743           30.037        
744           30.034        
745           30.030        
746           30.027        
747           30.021        
748           30.018        
749           30.015        
750           30.010        
751           30.007        
752           30.004        
753           30.002        
754           30.001        
755           29.999        
756           29.999        
757           29.998        
758           29.997        
759           29.996        
760           29.995        
761           29.995        
762           29.994        
763           29.992        
764           29.991        
765           29.986        
766           29.984        
767           29.982        
768           29.979        
769           29.977        
770           29.974        
771           29.973        
772           29.972        
773           29.969        
774           29.967        
775           29.964        
776           29.959        
777           29.956        
778           29.954        
779           29.950        
780           29.948        
781           29.944        
782           29.942        
783           29.941        
784           29.937        
785           29.935        
786           29.931        
787           29.930        
788           29.928        
789           29.926        
790           29.924        
791           29.922        
792           29.917        
793           29.914        
794           29.907        
795           29.905        
796           29.904        
797           29.897        
798           29.894        
799           29.892        
800           29.886        
801           29.884        
802           29.879        
803           29.877        
804           29.875        
805           29.871        
806           29.868        
807           29.863        
808           29.862        
809           29.860        
810           29.857        
811           29.856        
812           29.855        
813           29.851        
814           29.850        
815           29.846        
816           29.843        
817           29.839        
818           29.832        
819           29.830        
820           29.829        
821           29.823        
822           29.821        
823           29.819        
824           29.817        
825           29.816        
826           29.814        
827           29.812        
828           29.809        
829           29.808        
830           29.806        
831           29.799        
832           29.797        
833           29.795        
834           29.789        
835           29.787        
836           29.784        
837           29.783        
838           29.780        
839           29.777        
840           29.775        
841           29.773        
842           29.768        
843           29.767        
844           29.763        
845           29.760        
846           29.757        
847           29.753        
848           29.751        
849           29.747        
850           29.745        
851           29.745        
852           29.740        
853           29.739        
854           29.737        
855           29.732        
856           29.731        
857           29.728        
858           29.726        
859           29.723        
860           29.720        
861           29.720        
862           29.718        
863           29.715        
864           29.713        
865           29.706        
866           29.703        
867           29.699        
868           29.689        
869           29.685        
870           29.676        
871           29.673        
872           29.671        
873           29.668        
874           29.665        
875           29.663        
876           29.660        
877           29.658        
878           29.654        
879           29.652        
880           29.649        
881           29.646        
882           29.644        
883           29.643        
884           29.643        
885           29.643        
886           29.641        
887           29.640        
888           29.640        
889           29.640        
890           29.639        
891           29.640        
892           29.640        
893           29.639        
894           29.640        
895           29.640        
896           29.640        
897           29.641        
898           29.642        
899           29.642        
900           29.643        
901           29.643        
902           29.648        
903           29.651        
904           29.665        
905           29.674        
906           29.683        
907           29.697        
908           29.703        
909           29.707        
910           29.719        
911           29.726        
912           29.744        
913           29.755        
914           29.764        
915           29.780        
916           29.786        
917           29.789        
918           29.796        
919           29.801        
920           29.811        
921           29.818        
922           29.829        
923           29.850        
924           29.861        
925           29.880        
926           29.887        
927           29.894        
928           29.899        
929           29.901        
930           29.902        
931           29.906        
932           29.909        
933           29.915        
934           29.918        
935           29.922        
936           29.929        
937           29.933        
938           29.939        
939           29.956        
940           29.964        
941           29.976        
942           29.982        
943           29.986        
944           29.992        
945           29.993        
946           29.997        
947           30.006        
948           30.011        
949           30.025        
950           30.033        
951           30.040        
952           30.052        
953           30.057        
954           30.066        
955           30.069        
956           30.072        
957           30.078        
958           30.081        
959           30.084        
960           30.089        
961           30.091        
962           30.093        
963           30.094        
964           30.094        
965           30.093        
966           30.092        
967           30.091        
968           30.090        
969           30.089        
970           30.087        
971           30.085        
972           30.083        
973           30.077        
974           30.075        
975           30.072        
976           30.071        
977           30.070        
978           30.068        
979           30.066        
980           30.064        
981           30.059        
982           30.058        
983           30.054        
984           30.053        
985           30.052        
986           30.047        
987           30.045        
988           30.042        
989           30.037        
990           30.036        
991           30.030        
992           30.028        
993           30.025        
994           30.022        
995           30.020        
996           30.016        
997           30.015        
998           30.013        
999           30.008        
1000          30.005        
1001          30.003        
1002          30.000        
1003          29.998        
1004          29.992        
1005          29.989        
1006          29.988        
1007          29.986        
1008          29.984        
1009          29.983        
1010          29.982        
1011          29.981        
1012          29.980        
1013          29.978        
1014          29.976        
1015          29.973        
1016          29.972        
1017          29.969        
1018          29.967        
1019          29.966        
1020          29.963        
1021          29.961        
1022          29.958        
1023          29.952        
1024          29.946        
1025          29.936        
1026          29.929        
1027          29.926        
1028          29.920        
1029          29.917        
1030          29.913        
1031          29.911        
1032          29.910        
1033          29.906        
1034          29.906        
1035          29.904        
1036          29.903        
1037          29.903        
1038          29.900        
1039          29.900        
1040          29.900        
1041          29.898        
1042          29.898        
1043          29.898        
1044          29.896        
1045          29.895        
1046          29.893        
1047          29.892        
1048          29.890        
1049          29.886        
1050          29.885        
1051          29.883        
1052          29.881        
1053          29.879        
1054          29.877        
1055          29.874        
1056          29.872        
1057          29.867        
1058          29.865        
1059          29.862        
1060          29.860        
1061          29.858        
1062          29.855        
1063          29.853        
1064          29.851        
1065          29.847        
1066          29.846        
1067          29.842        
1068          29.839        
1069          29.837        
1070          29.828        
1071          29.825        
1072          29.818        
1073          29.815        
1074          29.813        
1075          29.809        
1076          29.807        
1077          29.805        
1078          29.802        
1079          29.800        
1080          29.793        
1081          29.791        
1082          29.788        
1083          29.783        
1084          29.780        
1085          29.777        
1086          29.773        
1087          29.771        
1088          29.768        
1089          29.767        
1090          29.766        
1091          29.765        
1092          29.765        
1093          29.765        
1094          29.764        
1095          29.764        
