±½¼×Ëá  
23.200
10.000
1             29.666        
2             29.666        
3             29.665        
4             29.663        
5             29.662        
6             29.660        
7             29.659        
8             29.657        
9             29.654        
10            29.652        
11            29.649        
12            29.643        
13            29.641        
14            29.637        
15            29.635        
16            29.633        
17            29.629        
18            29.628        
19            29.625        
20            29.624        
21            29.622        
22            29.620        
23            29.618        
24            29.617        
25            29.615        
26            29.613        
27            29.610        
28            29.609        
29            29.608        
30            29.607        
31            29.606        
32            29.606        
33            29.604        
34            29.604        
35            29.606        
36            29.607        
37            29.608        
38            29.609        
39            29.609        
40            29.610        
41            29.611        
42            29.611        
43            29.612        
44            29.613        
45            29.613        
46            29.614        
47            29.615        
48            29.616        
49            29.618        
50            29.618        
51            29.618        
52            29.618        
53            29.618        
54            29.621        
55            29.622        
56            29.624        
57            29.625        
58            29.627        
59            29.634        
60            29.639        
61            29.648        
62            29.652        
63            29.655        
64            29.660        
65            29.661        
66            29.662        
67            29.665        
68            29.667        
69            29.671        
70            29.674        
71            29.676        
72            29.683        
73            29.687        
74            29.690        
75            29.698        
76            29.702        
77            29.711        
78            29.714        
79            29.718        
80            29.728        
81            29.733        
82            29.736        
83            29.742        
84            29.744        
85            29.749        
86            29.750        
87            29.752        
88            29.757        
89            29.759        
90            29.761        
91            29.762        
92            29.763        
93            29.764        
94            29.766        
95            29.766        
96            29.767        
97            29.768        
98            29.770        
99            29.770        
100           29.771        
101           29.775        
102           29.776        
103           29.782        
104           29.784        
105           29.786        
106           29.789        
107           29.790        
108           29.792        
109           29.793        
110           29.794        
111           29.795        
112           29.794        
113           29.792        
114           29.784        
115           29.780        
116           29.776        
117           29.770        
118           29.768        
119           29.763        
120           29.762        
121           29.763        
122           29.766        
123           29.766        
124           29.769        
125           29.772        
126           29.775        
127           29.781        
128           29.783        
129           29.785        
130           29.787        
131           29.789        
132           29.791        
133           29.792        
134           29.794        
135           29.793        
136           29.792        
137           29.792        
138           29.791        
139           29.790        
140           29.789        
141           29.788        
142           29.787        
143           29.786        
144           29.785        
145           29.781        
146           29.780        
147           29.780        
148           29.779        
149           29.778        
150           29.778        
151           29.776        
152           29.775        
153           29.772        
154           29.771        
155           29.769        
156           29.764        
157           29.761        
158           29.759        
159           29.752        
160           29.750        
161           29.745        
162           29.743        
163           29.741        
164           29.738        
165           29.737        
166           29.734        
167           29.733        
168           29.732        
169           29.730        
170           29.729        
171           29.728        
172           29.722        
173           29.717        
174           29.711        
175           29.708        
176           29.706        
177           29.701        
178           29.698        
179           29.696        
180           29.694        
181           29.692        
182           29.690        
183           29.690        
184           29.689        
185           29.688        
186           29.686        
187           29.685        
188           29.684        
189           29.683        
190           29.682        
191           29.681        
192           29.679        
193           29.677        
194           29.677        
195           29.673        
196           29.669        
197           29.664        
198           29.657        
199           29.652        
200           29.648        
201           29.640        
202           29.638        
203           29.632        
204           29.630        
205           29.629        
206           29.625        
207           29.623        
208           29.620        
209           29.619        
210           29.618        
211           29.615        
212           29.614        
213           29.613        
214           29.612        
215           29.611        
216           29.609        
217           29.608        
218           29.606        
219           29.605        
220           29.606        
221           29.607        
222           29.609        
223           29.610        
224           29.612        
225           29.614        
226           29.615        
227           29.617        
228           29.617        
229           29.620        
230           29.621        
231           29.622        
232           29.626        
233           29.627        
234           29.628        
235           29.631        
236           29.634        
237           29.639        
238           29.641        
239           29.643        
240           29.646        
241           29.648        
242           29.648        
243           29.650        
244           29.652        
245           29.658        
246           29.661        
247           29.662        
248           29.668        
249           29.670        
250           29.674        
251           29.678        
252           29.680        
253           29.684        
254           29.686        
255           29.688        
256           29.691        
257           29.693        
258           29.697        
259           29.700        
260           29.703        
261           29.708        
262           29.710        
263           29.714        
264           29.717        
265           29.719        
266           29.723        
267           29.724        
268           29.724        
269           29.723        
270           29.722        
271           29.720        
272           29.719        
273           29.718        
274           29.718        
275           29.720        
276           29.721        
277           29.722        
278           29.723        
279           29.721        
280           29.721        
281           29.722        
282           29.723        
283           29.725        
284           29.726        
285           29.728        
286           29.728        
287           29.729        
288           29.729        
289           29.729        
290           29.733        
291           29.734        
292           29.734        
293           29.735        
294           29.737        
295           29.741        
296           29.743        
297           29.744        
298           29.748        
299           29.750        
300           29.756        
301           29.759        
302           29.762        
303           29.767        
304           29.768        
305           29.769        
306           29.771        
307           29.772        
308           29.775        
309           29.775        
310           29.775        
311           29.772        
312           29.772        
313           29.771        
314           29.771        
315           29.771        
316           29.771        
317           29.770        
318           29.769        
319           29.767        
320           29.768        
321           29.769        
322           29.769        
323           29.770        
324           29.769        
325           29.769        
326           29.769        
327           29.768        
328           29.768        
329           29.766        
330           29.765        
331           29.763        
332           29.759        
333           29.758        
334           29.753        
335           29.751        
336           29.751        
337           29.749        
338           29.748        
339           29.746        
340           29.743        
341           29.742        
342           29.738        
343           29.736        
344           29.734        
345           29.730        
346           29.729        
347           29.727        
348           29.721        
349           29.717        
350           29.713        
351           29.711        
352           29.709        
353           29.705        
354           29.703        
355           29.700        
356           29.698        
357           29.696        
358           29.692        
359           29.691        
360           29.690        
361           29.686        
362           29.684        
363           29.680        
364           29.677        
365           29.674        
366           29.670        
367           29.667        
368           29.665        
369           29.662        
370           29.660        
371           29.657        
372           29.655        
373           29.653        
374           29.651        
375           29.649        
376           29.645        
377           29.643        
378           29.641        
379           29.639        
380           29.637        
381           29.635        
382           29.634        
383           29.633        
384           29.630        
385           29.630        
386           29.629        
387           29.626        
388           29.625        
389           29.624        
390           29.624        
391           29.623        
392           29.621        
393           29.620        
394           29.620        
395           29.619        
396           29.619        
397           29.620        
398           29.620        
399           29.620        
400           29.618        
401           29.617        
402           29.617        
403           29.617        
404           29.617        
405           29.618        
406           29.618        
407           29.618        
408           29.616        
409           29.616        
410           29.615        
411           29.615        
412           29.614        
413           29.615        
414           29.617        
415           29.618        
416           29.623        
417           29.626        
418           29.633        
419           29.637        
420           29.640        
421           29.644        
422           29.646        
423           29.648        
424           29.653        
425           29.655        
426           29.660        
427           29.662        
428           29.665        
429           29.672        
430           29.675        
431           29.677        
432           29.683        
433           29.685        
434           29.689        
435           29.690        
436           29.692        
437           29.696        
438           29.699        
439           29.705        
440           29.708        
441           29.711        
442           29.719        
443           29.722        
444           29.725        
445           29.730        
446           29.733        
447           29.737        
448           29.740        
449           29.742        
450           29.746        
451           29.748        
452           29.749        
453           29.753        
454           29.755        
455           29.758        
456           29.761        
457           29.766        
458           29.773        
459           29.777        
460           29.782        
461           29.792        
462           29.798        
463           29.809        
464           29.815        
465           29.820        
466           29.828        
467           29.831        
468           29.838        
469           29.840        
470           29.842        
471           29.847        
472           29.848        
473           29.850        
474           29.852        
475           29.852        
476           29.852        
477           29.851        
478           29.851        
479           29.851        
480           29.850        
481           29.849        
482           29.847        
483           29.846        
484           29.845        
485           29.846        
486           29.847        
487           29.848        
488           29.848        
489           29.847        
490           29.847        
491           29.847        
492           29.845        
493           29.845        
494           29.845        
495           29.843        
496           29.843        
497           29.840        
498           29.839        
499           29.837        
500           29.835        
501           29.834        
502           29.832        
503           29.830        
504           29.830        
505           29.830        
506           29.828        
507           29.828        
508           29.827        
509           29.826        
510           29.819        
511           29.816        
512           29.814        
513           29.802        
514           29.797        
515           29.794        
516           29.788        
517           29.786        
518           29.783        
519           29.783        
520           29.782        
521           29.780        
522           29.779        
523           29.778        
524           29.778        
525           29.778        
526           29.778        
527           29.777        
528           29.777        
529           29.776        
530           29.774        
531           29.768        
532           29.763        
533           29.759        
534           29.751        
535           29.747        
536           29.744        
537           29.739        
538           29.738        
539           29.736        
540           29.734        
541           29.733        
542           29.733        
543           29.733        
544           29.731        
545           29.730        
546           29.729        
547           29.727        
548           29.726        
549           29.726        
550           29.725        
551           29.724        
552           29.722        
553           29.720        
554           29.718        
555           29.714        
556           29.712        
557           29.710        
558           29.706        
559           29.705        
560           29.701        
561           29.700        
562           29.698        
563           29.694        
564           29.692        
565           29.686        
566           29.683        
567           29.681        
568           29.675        
569           29.674        
570           29.672        
571           29.662        
572           29.656        
573           29.643        
574           29.638        
575           29.635        
576           29.629        
577           29.627        
578           29.626        
579           29.624        
580           29.623        
581           29.622        
582           29.622        
583           29.622        
584           29.622        
585           29.621        
586           29.618        
587           29.617        
588           29.616        
589           29.615        
590           29.614        
591           29.613        
592           29.613        
593           29.612        
594           29.612        
595           29.612        
596           29.612        
597           29.614        
598           29.614        
599           29.614        
600           29.615        
601           29.615        
602           29.616        
603           29.617        
604           29.618        
605           29.619        
606           29.620        
607           29.621        
608           29.623        
609           29.624        
610           29.627        
611           29.629        
612           29.630        
613           29.634        
614           29.636        
615           29.641        
616           29.643        
617           29.645        
618           29.649        
619           29.652        
620           29.654        
621           29.658        
622           29.659        
623           29.660        
624           29.660        
625           29.660        
626           29.660        
627           29.659        
628           29.659        
629           29.659        
630           29.658        
631           29.659        
632           29.661        
633           29.664        
634           29.670        
635           29.673        
636           29.684        
637           29.691        
638           29.698        
639           29.709        
640           29.712        
641           29.715        
642           29.720        
643           29.720        
644           29.724        
645           29.726        
646           29.729        
647           29.732        
648           29.735        
649           29.738        
650           29.740        
651           29.741        
652           29.742        
653           29.744        
654           29.745        
655           29.746        
656           29.746        
657           29.746        
658           29.746        
659           29.745        
660           29.750        
661           29.754        
662           29.756        
663           29.761        
664           29.764        
665           29.766        
666           29.768        
667           29.770        
668           29.772        
669           29.775        
670           29.782        
671           29.788        
672           29.794        
673           29.804        
674           29.810        
675           29.814        
676           29.821        
677           29.824        
678           29.829        
679           29.833        
680           29.835        
681           29.838        
682           29.839        
683           29.840        
684           29.844        
685           29.845        
686           29.847        
687           29.848        
688           29.849        
689           29.850        
690           29.851        
691           29.852        
692           29.851        
693           29.851        
694           29.849        
695           29.848        
696           29.846        
697           29.844        
698           29.843        
699           29.841        
700           29.841        
701           29.840        
702           29.840        
703           29.839        
704           29.839        
705           29.838        
706           29.838        
707           29.837        
708           29.837        
709           29.836        
710           29.836        
711           29.835        
712           29.836        
713           29.835        
714           29.833        
715           29.824        
716           29.820        
717           29.816        
718           29.810        
719           29.808        
720           29.804        
721           29.803        
722           29.801        
723           29.798        
724           29.794        
725           29.790        
726           29.778        
727           29.772        
728           29.763        
729           29.759        
730           29.755        
731           29.750        
732           29.748        
733           29.744        
734           29.741        
735           29.740        
736           29.735        
737           29.734        
738           29.733        
739           29.730        
740           29.729        
741           29.727        
742           29.725        
743           29.724        
744           29.720        
745           29.716        
746           29.712        
747           29.703        
748           29.699        
749           29.697        
750           29.696        
751           29.695        
752           29.695        
753           29.695        
754           29.694        
755           29.690        
756           29.686        
757           29.680        
758           29.677        
759           29.675        
760           29.673        
761           29.671        
762           29.670        
763           29.670        
764           29.670        
765           29.670        
766           29.671        
767           29.671        
768           29.673        
769           29.673        
770           29.673        
771           29.674        
772           29.674        
773           29.674        
774           29.673        
775           29.673        
776           29.672        
777           29.671        
778           29.667        
779           29.665        
780           29.664        
781           29.662        
782           29.661        
783           29.659        
784           29.657        
785           29.655        
786           29.653        
787           29.652        
788           29.651        
789           29.651        
790           29.651        
791           29.649        
792           29.648        
793           29.648        
794           29.648        
795           29.647        
796           29.645        
797           29.645        
798           29.644        
799           29.643        
800           29.642        
801           29.641        
802           29.641        
803           29.641        
804           29.640        
805           29.640        
806           29.642        
807           29.646        
808           29.649        
809           29.652        
810           29.660        
811           29.663        
812           29.668        
813           29.671        
814           29.674        
815           29.678        
816           29.681        
817           29.686        
818           29.690        
819           29.693        
820           29.697        
821           29.700        
822           29.702        
823           29.707        
824           29.709        
825           29.715        
826           29.717        
827           29.720        
828           29.726        
829           29.728        
830           29.730        
831           29.735        
832           29.737        
833           29.744        
834           29.748        
835           29.750        
836           29.757        
837           29.760        
838           29.765        
839           29.768        
840           29.771        
841           29.777        
842           29.782        
843           29.787        
844           29.794        
845           29.796        
846           29.800        
847           29.802        
848           29.804        
849           29.807        
850           29.806        
851           29.805        
852           29.802        
853           29.800        
854           29.796        
855           29.794        
856           29.793        
857           29.791        
858           29.789        
859           29.787        
860           29.784        
861           29.783        
862           29.782        
863           29.783        
864           29.785        
865           29.787        
866           29.788        
867           29.789        
868           29.790        
869           29.791        
870           29.794        
871           29.796        
872           29.798        
873           29.802        
874           29.804        
875           29.810        
876           29.813        
877           29.815        
878           29.818        
879           29.819        
880           29.821        
881           29.822        
882           29.823        
883           29.824        
884           29.823        
885           29.823        
886           29.823        
887           29.822        
888           29.819        
889           29.817        
890           29.816        
891           29.813        
892           29.811        
893           29.809        
894           29.806        
895           29.802        
896           29.792        
897           29.787        
898           29.783        
899           29.778        
900           29.776        
901           29.771        
902           29.769        
903           29.767        
904           29.765        
905           29.765        
906           29.764        
907           29.761        
908           29.759        
909           29.756        
910           29.755        
911           29.753        
912           29.752        
913           29.750        
914           29.749        
915           29.748        
916           29.747        
917           29.745        
918           29.744        
919           29.741        
920           29.736        
921           29.735        
922           29.731        
923           29.728        
924           29.727        
925           29.724        
926           29.722        
927           29.719        
928           29.712        
929           29.709        
930           29.707        
931           29.706        
932           29.705        
933           29.703        
934           29.702        
935           29.700        
936           29.698        
937           29.697        
938           29.693        
939           29.691        
940           29.688        
941           29.683        
942           29.680        
943           29.678        
944           29.676        
945           29.674        
946           29.671        
947           29.669        
948           29.667        
949           29.664        
950           29.663        
951           29.661        
952           29.659        
953           29.657        
954           29.655        
955           29.654        
956           29.652        
957           29.648        
958           29.647        
959           29.644        
960           29.641        
961           29.639        
962           29.635        
963           29.633        
964           29.627        
965           29.625        
966           29.624        
967           29.620        
968           29.619        
969           29.618        
970           29.616        
971           29.615        
972           29.615        
973           29.614        
974           29.613        
975           29.611        
976           29.611        
977           29.611        
978           29.610        
979           29.610        
980           29.609        
981           29.609        
982           29.609        
983           29.609        
984           29.609        
985           29.610        
986           29.611        
987           29.613        
988           29.616        
989           29.617        
990           29.618        
991           29.620        
992           29.621        
993           29.623        
994           29.624        
995           29.625        
996           29.628        
997           29.629        
998           29.630        
999           29.632        
1000          29.632        
1001          29.635        
1002          29.637        
1003          29.639        
1004          29.641        
1005          29.643        
1006          29.650        
1007          29.654        
1008          29.658        
1009          29.663        
1010          29.666        
1011          29.668        
1012          29.669        
1013          29.671        
1014          29.673        
1015          29.674        
1016          29.674        
1017          29.675        
1018          29.675        
1019          29.676        
1020          29.677        
1021          29.680        
1022          29.686        
1023          29.690        
1024          29.693        
1025          29.699        
1026          29.702        
1027          29.708        
1028          29.712        
1029          29.717        
1030          29.724        
1031          29.728        
1032          29.732        
1033          29.742        
1034          29.748        
1035          29.760        
1036          29.766        
1037          29.771        
1038          29.778        
1039          29.781        
1040          29.785        
1041          29.790        
1042          29.792        
1043          29.796        
1044          29.798        
1045          29.801        
1046          29.805        
1047          29.807        
1048          29.810        
1049          29.812        
1050          29.812        
1051          29.813        
1052          29.814        
1053          29.815        
1054          29.819        
1055          29.821        
1056          29.825        
1057          29.828        
1058          29.829        
1059          29.832        
1060          29.832        
1061          29.834        
1062          29.837        
1063          29.839        
1064          29.841        
1065          29.842        
1066          29.841        
1067          29.841        
1068          29.841        
1069          29.840        
1070          29.840        
1071          29.840        
1072          29.839        
1073          29.839        
1074          29.838        
1075          29.838        
1076          29.838        
1077          29.837        
1078          29.838        
1079          29.837        
1080          29.836        
1081          29.835        
1082          29.835        
1083          29.832        
1084          29.831        
1085          29.830        
1086          29.829        
1087          29.828        
1088          29.826        
1089          29.825        
1090          29.823        
1091          29.822        
1092          29.822        
1093          29.820        
1094          29.819        
1095          29.817        
1096          29.814        
1097          29.812        
1098          29.807        
1099          29.805        
1100          29.804        
1101          29.801        
1102          29.800        
1103          29.798        
1104          29.797        
1105          29.796        
1106          29.793        
1107          29.791        
1108          29.790        
1109          29.787        
1110          29.785        
1111          29.781        
1112          29.779        
1113          29.776        
1114          29.772        
1115          29.769        
1116          29.767        
1117          29.764        
1118          29.762        
1119          29.760        
1120          29.758        
1121          29.757        
1122          29.754        
1123          29.753        
1124          29.751        
1125          29.747        
1126          29.745        
1127          29.741        
1128          29.739        
1129          29.737        
1130          29.731        
1131          29.728        
1132          29.723        
1133          29.719        
1134          29.717        
1135          29.713        
1136          29.711        
1137          29.708        
1138          29.701        
1139          29.697        
1140          29.692        
1141          29.691        
1142          29.689        
1143          29.686        
1144          29.683        
1145          29.679        
1146          29.668        
1147          29.664        
1148          29.658        
1149          29.655        
1150          29.651        
1151          29.644        
1152          29.640        
1153          29.637        
1154          29.635        
1155          29.632        
1156          29.625        
1157          29.623        
1158          29.621        
1159          29.616        
1160          29.614        
1161          29.611        
1162          29.611        
1163          29.612        
1164          29.611        
1165          29.609        
1166          29.607        
1167          29.603        
1168          29.601        
1169          29.599        
1170          29.598        
1171          29.596        
1172          29.593        
1173          29.593        
1174          29.594        
1175          29.595        
1176          29.596        
1177          29.598        
1178          29.598        
1179          29.599        
1180          29.600        
1181          29.601        
1182          29.604        
1183          29.604        
1184          29.604        
1185          29.606        
1186          29.607        
1187          29.607        
1188          29.605        
1189          29.604        
1190          29.602        
1191          29.601        
1192          29.601        
1193          29.604        
1194          29.606        
1195          29.611        
1196          29.613        
1197          29.615        
1198          29.618        
1199          29.620        
1200          29.621        
1201          29.627        
1202          29.631        
1203          29.639        
1204          29.642        
1205          29.645        
1206          29.654        
1207          29.656        
1208          29.659        
1209          29.667        
1210          29.671        
1211          29.679        
1212          29.681        
1213          29.684        
1214          29.691        
1215          29.693        
1216          29.697        
1217          29.699        
1218          29.701        
1219          29.707        
1220          29.709        
1221          29.711        
1222          29.714        
1223          29.715        
1224          29.721        
1225          29.723        
1226          29.727        
1227          29.731        
1228          29.733        
1229          29.734        
1230          29.738        
1231          29.739        
1232          29.742        
1233          29.744        
1234          29.746        
1235          29.750        
1236          29.752        
1237          29.757        
1238          29.759        
1239          29.762        
1240          29.765        
1241          29.764        
1242          29.763        
