 .1            428 
 .2            428 
 .4            428 
 .6            428 
 .8            428 
 1             428 
 1.2           428 
 1.3           428 
 1.5           428 
 1.6           428 
 1.8           428 
 2             428 
 2.1           428 
 2.2           428 
 2.5           429 
 2.6           429 
 2.7           429 
 2.9           429 
 3.1           429 
 3.2           429 
 3.4           429 
 3.5           429 
 3.6           429 
 3.8           429 
 3.9           430 
 4             430 
 4.2           430 
 4.4           431 
 4.7           431 
 4.9           431 
 5.1           431 
 5.3           431 
 5.4           431 
 5.6           431 
 5.8           432 
 5.9           432 
 6.1           432 
 6.2           432 
 6.4           433 
 6.7           433 
 6.9           433 
 7.1           433 
 7.3           433 
 7.4           433 
 7.6           433 
 7.8           433 
 7.9           433 
 8.1           433 
 8.3           434 
 8.5           434 
 8.7           435 
 8.8           435 
 9             435 
 9.2           435 
 9.4           435 
 9.6           435 
 9.8           435 
 10.1          435 
 10.3          435 
 10.5          435 
 10.7          435 
 10.9          435 
 11.1          422 
 11.4          423 
 11.6          423 
 11.8          423 
 12.1          424 
 12.3          424 
 12.5          425 
 12.7          425 
 12.8          425 
 13            425 
 13.2          425 
 13.3          425 
 13.5          425 
 13.7          425 
 13.8          426 
 14            427 
 14.3          427 
 14.5          427 
 14.7          427 
 14.8          427 
 15            427 
 15.2          427 
 15.3          428 
 15.5          428 
 15.8          428 
 16            429 
 16.1          429 
 16.3          429 
 16.5          429 
 16.7          429 
 16.8          429 
 17            429 
 17.1          429 
 17.3          430 
 17.6          430 
 17.8          430 
 18            431 
 18.1          431 
 18.3          431 
 18.5          431 
 18.6          431 
 18.8          431 
 19            431 
 19.1          431 
 19.3          432 
 19.5          432 
 19.7          432 
 19.8          432 
 20            433 
 20.1          433 
 20.3          433 
 20.5          433 
 20.6          433 
 20.9          434 
 21            434 
 21.1          434 
 21.3          434 
 21.5          434 
 21.7          434 
 21.8          434 
 22            435 
 22.1          435 
 22.4          435 
 22.5          435 
 22.6          435 
 22.8          436 
 23            436 
 23.1          436 
 23.3          437 
 23.5          437 
 23.7          437 
 23.8          437 
 24            437 
 24.1          437 
 24.3          437 
 24.6          437 
 24.8          438 
 25            438 
 25.1          438 
 25.3          439 
 25.5          439 
 25.6          439 
 25.8          439 
 26            439 
 26.1          439 
 26.3          439 
 26.6          440 
 26.8          440 
 27            440 
 27.1          440 
 27.3          440 
 27.5          441 
 27.6          441 
 27.8          441 
 28            441 
 28.2          441 
 28.3          441 
 28.5          441 
 28.6          441 
 28.9          442 
 29            442 
 29.1          442 
 29.3          442 
 29.5          442 
 29.6          443 
 29.8          443 
 30            443 
 30.1          443 
 30.4          443 
 30.5          443 
 30.6          443 
 30.9          443 
 31            443 
 31.1          444 
 31.3          444 
 31.5          444 
 31.7          444 
 31.8          444 
 32            444 
 32.1          444 
 32.2          444 
 32.4          444 
 32.5          444 
 32.6          425 
 32.7          425 
 32.9          426 
 33            426 
 33.1          427 
 33.2          427 
 33.4          427 
 33.6          427 
 33.7          427 
 33.9          427 
 34            428 
 34.1          428 
 34.3          428 
 34.4          428 
 34.5          428 
 34.6          428 
 34.7          428 
 35            428 
 35.1          428 
 35.2          428 
 35.4          428 
 35.5          429 
 35.6          429 
 35.8          429 
 35.9          429 
 36            429 
 36.1          429 
 36.2          429 
 36.4          429 
 36.6          429 
 36.7          429 
 36.9          429 
 37            429 
 37.1          429 
 37.2          429 
 37.5          429 
 37.6          429 
 37.7          429 
 37.9          429 
 38            429 
 38.2          429 
 38.4          429 
 38.5          429 
 38.6          429 
 38.7          429 
 38.9          429 
 39            429 
 39.1          429 
 39.2          429 
 39.4          429 
 39.5          429 
 39.7          429 
 39.9          429 
 40            429 
 40.2          429 
 40.4          429 
 40.5          429 
 40.6          429 
 40.7          429 
 40.9          430 
 41            430 
 41.1          430 
 41.2          430 
 41.5          430 
 41.6          430 
 41.7          430 
 41.9          431 
 42.1          431 
 42.2          431 
 42.4          431 
 42.6          432 
 42.7          432 
 42.9          432 
 43            432 
 43.2          432 
 43.4          433 
 43.5          433 
 43.7          433 
 43.9          433 
 44            433 
 44.1          433 
 44.2          433 
 44.4          433 
 44.6          434 
 44.7          434 
 44.9          434 
 45            435 
 45.2          435 
 45.4          435 
 45.5          435 
 45.6          435 
 45.8          435 
 45.9          435 
 46            435 
 46.1          435 
 46.3          436 
 46.4          436 
 46.5          436 
 46.6          436 
 46.7          436 
 46.9          436 
 47            436 
 47.1          436 
 47.2          436 
 47.5          437 
 47.6          437 
 47.7          437 
 48            437 
 48.1          437 
 48.2          437 
 48.4          437 
 48.5          437 
 48.7          437 
 48.9          438 
 49            438 
 49.1          438 
 49.2          438 
 49.5          438 
 49.6          439 
 49.7          439 
 49.9          439 
 50            439 
 50.2          439 
 50.4          439 
 50.5          439 
 50.6          439 
 50.7          439 
 51            439 
 51.1          440 
 51.2          440 
 51.4          440 
 51.5          441 
 51.7          441 
 51.9          441 
 52            441 
 52.1          441 
 52.2          441 
 52.4          441 
 52.6          441 
 52.7          441 
 52.9          442 
 53            442 
 53.2          442 
 53.4          442 
 53.5          443 
 53.6          443 
 53.7          443 
 53.9          443 
 54.1          443 
 54.2          443 
 54.4          443 
 54.6          443 
 54.7          443 
 54.9          444 
 55.1          444 
 55.2          444 
 55.4          444 
 55.5          444 
 55.7          444 
 55.9          444 
 56            444 
 56.1          444 
 56.2          427 
 56.4          427 
 56.5          428 
 56.6          428 
 56.7          429 
 57            429 
 57.1          429 
 57.2          429 
 57.5          429 
 57.6          429 
 57.7          430 
 57.9          431 
 58            431 
 58.2          431 
 58.4          431 
 58.5          431 
 58.6          431 
 58.8          431 
 58.9          431 
 59            431 
 59.1          432 
 59.2          432 
 59.5          432 
 59.6          433 
 59.7          433 
 59.9          433 
 60            433 
 60.1          433 
 60.2          433 
 60.4          433 
 60.5          433 
 60.6          434 
 60.7          434 
 60.9          434 
 61            434 
 61.1          434 
 61.2          434 
 61.4          434 
 61.6          435 
 61.7          435 
 61.9          435 
 62            435 
 62.2          435 
 62.4          435 
 62.5          436 
 62.6          436 
 62.8          436 
 62.9          436 
 63            436 
 63.1          436 
 63.2          437 
 63.4          437 
 63.5          437 
 63.6          437 
 63.7          437 
 63.9          437 
 64.1          437 
 64.2          437 
 64.4          438 
 64.6          438 
 64.8          438 
 64.9          438 
 65.1          438 
 65.2          438 
 65.4          438 
 65.6          439 
 65.7          439 
 66            439 
 66.2          439 
 66.5          439 
 66.7          440 
 66.9          440 
 67.1          440 
 67.2          440 
 67.4          441 
 67.6          441 
 67.7          441 
 68            441 
 68.2          441 
 68.4          441 
 68.7          442 
 68.9          442 
 69.1          442 
 69.2          442 
 69.5          442 
 69.7          443 
 70            443 
 70.2          443 
 70.4          443 
 70.6          443 
 70.8          443 
 70.9          443 
 71.1          443 
 71.2          444 
 71.4          444 
 71.6          444 
 71.7          444 
 71.9          444 
 72.2          444 
 72.4          444 
 72.6          444 
 72.7          421 
 72.9          421 
 73.1          421 
 73.2          421 
 73.4          421 
 73.6          422 
 73.8          422 
 73.9          422 
 74.1          422 
 74.2          422 
 74.4          422 
 74.6          422 
 74.7          423 
 74.9          423 
 75.1          423 
 75.2          423 
 75.4          423 
 75.6          423 
 75.7          423 
 75.9          423 
 76.1          423 
 76.2          423 
 76.5          423 
 76.7          423 
 77            423 
 77.2          423 
 77.4          423 
 77.6          423 
 77.7          423 
 77.9          423 
 78.2          423 
 78.4          423 
 78.7          423 
 78.9          423 
 79.1          423 
 79.2          423 
 79.5          423 
 79.7          423 
 79.9          423 
 80.2          423 
 80.4          423 
 80.7          423 
 80.9          423 
 81.1          424 
 81.2          424 
 81.4          424 
 81.6          424 
 81.7          424 
 81.9          425 
 82.1          425 
 82.2          425 
 82.4          425 
 82.6          425 
 82.7          426 
 82.9          426 
 83.1          426 
 83.2          426 
 83.5          426 
 83.7          427 
 84            427 
 84.2          427 
 84.5          427 
 84.7          427 
 84.9          428 
 85.1          428 
 85.2          428 
 85.4          428 
 85.6          429 
 85.7          429 
 86            429 
 86.2          429 
 86.5          429 
 86.7          429 
 86.9          430 
 87.1          430 
 87.3          430 
 87.4          430 
 87.6          430 
 87.7          430 
 88            431 
 88.2          431 
 88.5          431 
 88.7          431 
 88.9          431 
 89.1          432 
 89.3          432 
 89.4          432 
 89.6          433 
 89.7          433 
 89.9          433 
 90.1          433 
 90.2          433 
 90.4          433 
 90.7          433 
 90.9          434 
 91.1          434 
 91.2          435 
 91.4          435 
 91.6          435 
 91.7          435 
 91.9          435 
 92.2          435 
 92.4          436 
 92.6          436 
 92.8          436 
 92.9          436 
 93.1          437 
 93.2          437 
 93.5          437 
 93.7          437 
 93.9          437 
 94.1          437 
 94.2          438 
 94.4          438 
 94.6          438 
 94.8          439 
 94.9          439 
 95.1          439 
 95.2          439 
 95.5          439 
 95.7          439 
 95.9          440 
 96.1          440 
 96.2          440 
 96.4          440 
 96.6          441 
 96.8          441 
 96.9          441 
 97.1          441 
 97.2          441 
 97.5          442 
 97.7          442 
 97.9          442 
 98.1          443 
 98.3          443 
 98.4          443 
 98.6          443 
 98.7          443 
 99            443 
 99.2          443 
 99.4          444 
 99.6          445 
 99.7          445 
 100           445 
 100.2         445 
 100.4         445 
 100.7         445 
 100.9         445 
 101.2         427 
 101.4         428 
 101.6         429 
 101.7         429 
 101.9         429 
 102.1         429 
 102.2         430 
 102.4         430 
 102.6         430 
 102.7         431 
 102.9         431 
 103.1         431 
 103.2         431 
 103.4         432 
 103.7         432 
 103.9         433 
 104.1         433 
 104.2         433 
 104.4         433 
 104.6         433 
 104.7         433 
 105           434 
 105.2         434 
 105.5         435 
 105.7         435 
 105.9         435 
 106.1         435 
 106.2         435 
 106.4         435 
 106.7         436 
 106.9         436 
 107.1         436 
 107.3         436 
 107.4         437 
 107.6         437 
 107.7         437 
 107.9         437 
 108.1         437 
 108.2         437 
 108.4         437 
 108.7         438 
 108.9         438 
 109.1         439 
 109.2         439 
 109.4         439 
 109.6         439 
 109.7         439 
 109.9         439 
 110.2         439 
 110.4         439 
 110.6         439 
 110.7         439 
 110.9         439 
 111.1         439 
 111.2         439 
 111.4         439 
 111.7         439 
 111.9         440 
 112.1         440 
 112.2         440 
 112.4         440 
 112.6         440 
 112.7         440 
 112.9         440 
 113.1         440 
 113.3         440 
 113.4         440 
 113.6         440 
 113.8         440 
 113.9         440 
 114.1         440 
 114.2         440 
 114.4         440 
 114.6         440 
 114.7         440 
 114.9         440 
 115.1         440 
 115.3         440 
 115.4         440 
 115.6         440 
 115.8         440 
 115.9         440 
 116.1         439 
 116.2         439 
 116.4         439 
 116.6         439 
 116.7         439 
 117           439 
 117.2         439 
 117.4         439 
 117.7         439 
 117.9         439 
 118.2         439 
 118.4         439 
 118.6         439 
 118.7         439 
 119           439 
 119.2         439 
 119.5         439 
 119.7         439 
 119.9         439 
 120.2         439 
 120.4         439 
 120.6         439 
 120.7         439 
 121           439 
 121.2         439 
 121.4         439 
 121.6         439 
 121.7         439 
 121.9         439 
 122.1         439 
 122.2         439 
 122.4         439 
 122.6         439 
 122.8         439 
 122.9         439 
 123.1         440 
 123.2         440 
 123.4         441 
 123.6         441 
 123.7         441 
 123.9         441 
 124.1         441 
 124.2         441 
 124.4         441 
 124.6         441 
 124.7         441 
 124.9         441 
 125.1         441 
 125.2         442 
 125.4         442 
 125.6         442 
 125.7         442 
 125.9         443 
 126.1         443 
 126.2         443 
 126.4         443 
 126.6         443 
 126.8         443 
 126.9         443 
 127.1         443 
 127.2         443 
 127.4         443 
 127.7         444 
 127.9         444 
 128.1         444 
 128.3         444 
 128.5         444 
 128.7         444 
 128.8         444 
 129           428 
 129.2         428 
 129.4         428 
 129.6         429 
 129.9         429 
 130.1         430 
 130.3         431 
 130.5         431 
 130.7         431 
 130.8         431 
 131           431 
 131.2         432 
 131.4         432 
 131.6         432 
 131.8         433 
 132.1         433 
 132.3         433 
 132.5         433 
 132.7         434 
 132.8         434 
 133           434 
 133.2         435 
 133.4         435 
 133.6         435 
 133.8         435 
 134           435 
 134.2         436 
 134.3         436 
 134.6         436 
 134.8         436 
 135           437 
 135.2         437 
 135.3         437 
 135.5         437 
 135.7         437 
 135.8         438 
 136           438 
 136.2         438 
 136.3         438 
 136.5         439 
 136.7         439 
 136.8         439 
 137           439 
 137.3         439 
 137.5         439 
 137.7         439 
 137.8         440 
 138           440 
 138.2         440 
 138.3         441 
 138.5         441 
 138.7         441 
 138.8         441 
 139           441 
 139.2         441 
 139.3         441 
 139.5         442 
 139.8         442 
 140           442 
 140.2         442 
 140.4         442 
 140.6         443 
 140.8         443 
 141.1         443 
 141.3         443 
 141.5         443 
 141.7         443 
 141.9         443 
 142.1         444 
 142.3         445 
 142.5         445 
 142.7         445 
 142.8         445 
 143           445 
 143.3         445 
 143.5         445 
 143.7         421 
 143.8         422 
 144           422 
 144.2         423 
 144.3         423 
 144.5         423 
 144.7         423 
 144.8         424 
 145.1         424 
 145.3         425 
 145.5         425 
 145.7         425 
 145.8         425 
 146           425 
 146.2         426 
 146.4         426 
 146.6         427 
 146.8         427 
 147           427 
 147.2         427 
 147.3         427 
 147.5         428 
 147.8         428 
 148           428 
 148.2         429 
 148.4         429 
 148.6         429 
 148.8         429 
 149.1         430 
 149.3         430 
 149.5         430 
 149.7         430 
 149.8         430 
 150           431 
 150.2         431 
 150.3         431 
 150.6         431 
 150.8         431 
 151           431 
 151.2         432 
 151.3         432 
 151.5         432 
 151.7         432 
 151.8         432 
 152           432 
 152.3         432 
 152.5         433 
 152.7         433 
 152.8         433 
 153.1         433 
 153.3         433 
 153.5         433 
 153.7         433 
 153.8         433 
 154           433 
 154.2         433 
 154.3         433 
 154.5         433 
 154.7         433 
 154.8         433 
 155.1         433 
 155.3         433 
 155.5         433 
 155.7         433 
 155.9         433 
 156.1         433 
 156.3         433 
 156.5         433 
 156.7         433 
 156.8         433 
 157           433 
 157.3         433 
 157.5         433 
 157.7         433 
 157.8         433 
 158           432 
 158.2         432 
 158.4         432 
 158.6         432 
 158.8         432 
 159           432 
 159.3         432 
 159.5         432 
 159.7         432 
 159.8         432 
 160           432 
 160.2         432 
 160.3         432 
 160.6         433 
 160.8         433 
 161           433 
 161.2         433 
 161.3         433 
 161.5         433 
 161.7         433 
 161.8         433 
 162.1         433 
 162.3         433 
 162.5         434 
 162.7         434 
 162.8         434 
 163           434 
 163.2         435 
 163.3         435 
 163.5         435 
 163.7         435 
 163.8         435 
 164.1         435 
 164.3         435 
 164.5         435 
 164.7         436 
 164.8         436 
 165           436 
 165.2         436 
 165.3         436 
 165.6         437 
 165.8         437 
 166           437 
 166.3         437 
 166.5         437 
 166.7         437 
 166.8         437 
 167           437 
 167.2         437 
 167.3         437 
 167.5         437 
 167.7         437 
 167.9         437 
 168.1         438 
 168.3         438 
 168.5         438 
 168.7         438 
 168.8         439 
 169           439 
 169.2         439 
 169.3         439 
 169.5         439 
 169.7         439 
 169.8         439 
 170           439 
 170.3         440 
 170.5         440 
 170.7         440 
 170.8         440 
 171           441 
 171.2         441 
 171.3         441 
 171.5         441 
 171.8         441 
 172           441 
 172.2         441 
 172.4         442 
 172.6         442 
 172.8         442 
 173           442 
 173.2         442 
 173.3         443 
 173.5         443 
 173.8         443 
 174           443 
 174.2         443 
 174.3         444 
 174.6         444 
 174.8         444 
 175           445 
 175.2         445 
 175.3         445 
 175.5         445 
 175.7         445 
 175.8         445 
 176           445 
 176.2         445 
 176.3         445 
 176.5         431 
 176.7         431 
 176.9         431 
 177.1         431 
 177.3         432 
 177.5         432 
 177.7         432 
 177.8         433 
 178           433 
 178.2         433 
 178.3         433