 .1            377 
 .2            377 
 .5            377 
 .7            378 
 .8            378 
 1             379 
 1.2           379 
 1.3           379 
 1.5           379 
 1.6           379 
 1.8           379 
 2             379 
 2.1           379 
 2.2           379 
 2.4           379 
 2.5           380 
 2.6           380 
 2.7           380 
 2.9           380 
 3.1           380 
 3.2           380 
 3.4           381 
 3.5           381 
 3.6           381 
 3.8           381 
 3.9           381 
 4             381 
 4.2           381 
 4.5           381 
 4.7           382 
 4.9           382 
 5.1           382 
 5.3           383 
 5.4           383 
 5.6           383 
 5.7           383 
 5.9           383 
 6.1           383 
 6.2           383 
 6.4           383 
 6.6           383 
 6.7           384 
 6.9           384 
 7.1           384 
 7.2           384 
 7.4           385 
 7.6           385 
 7.8           385 
 7.9           385 
 8.1           385 
 8.3           385 
 8.5           385 
 8.8           385 
 9             376 
 9.2           376 
 9.3           377 
 9.5           377 
 9.7           378 
 9.8           378 
 10            378 
 10.2          378 
 10.3          379 
 10.5          379 
 10.7          379 
 10.9          379 
 11.1          379 
 11.3          379 
 11.5          380 
 11.7          380 
 11.8          380 
 12.1          380 
 12.3          380 
 12.5          381 
 12.7          381 
 12.8          381 
 13.1          381 
 13.3          381 
 13.6          381 
 13.8          382 
 14            382 
 14.2          382 
 14.3          382 
 14.6          383 
 14.8          383 
 15            383 
 15.2          383 
 15.4          383 
 15.6          383 
 15.8          384 
 16            384 
 16.1          384 
 16.3          384 
 16.5          384 
 16.6          384 
 16.8          385 
 17            385 
 17.1          385 
 17.3          385 
 17.6          385 
 17.8          385 
 18            385 
 18.1          376 
 18.4          376 
 18.5          376 
 18.6          376 
 18.8          377 
 19            377 
 19.1          377 
 19.3          377 
 19.5          377 
 19.6          378 
 19.9          378 
 20            378 
 20.1          378 
 20.4          379 
 20.5          379 
 20.6          379 
 20.8          379 
 21            379 
 21.1          379 
 21.3          379 
 21.6          379 
 21.8          379 
 22            379 
 22.1          379 
 22.4          379 
 22.5          379 
 22.6          379 
 22.8          379 
 23            379 
 23.2          379 
 23.3          379 
 23.5          379 
 23.6          379 
 23.8          379 
 24            379 
 24.1          379 
 24.3          379 
 24.5          379 
 24.6          379 
 24.8          379 
 25.1          379 
 25.3          379 
 25.5          379 
 25.6          379 
 25.8          379 
 26.1          379 
 26.3          379 
 26.5          379 
 26.6          379 
 26.8          379 
 27            379 
 27.1          379 
 27.3          379 
 27.5          379 
 27.6          379 
 27.8          379 
 28            379 
 28.1          379 
 28.3          379 
 28.6          379 
 28.8          379 
 29            379 
 29.1          379 
 29.3          379 
 29.5          379 
 29.6          379 
 29.9          379 
 30            379 
 30.1          379 
 30.4          379 
 30.5          379 
 30.6          379 
 30.8          380 
 31            380 
 31.2          380 
 31.3          380 
 31.5          381 
 31.6          381 
 31.8          381 
 32.1          381 
 32.2          381 
 32.4          381 
 32.5          381 
 32.6          381 
 32.7          381 
 32.9          381 
 33            381 
 33.1          381 
 33.2          382 
 33.4          382 
 33.6          382 
 33.7          382 
 33.9          382 
 34            382 
 34.1          382 
 34.3          382 
 34.4          382 
 34.5          382 
 34.6          383 
 34.8          383 
 34.9          383 
 35            383 
 35.1          383 
 35.2          383 
 35.5          383 
 35.6          383 
 35.7          383 
 36            383 
 36.1          383 
 36.2          383 
 36.4          383 
 36.5          383 
 36.6          383 
 36.8          383 
 36.9          383 
 37            383 
 37.1          383 
 37.2          383 
 37.4          383 
 37.5          383 
 37.6          383 
 37.7          383 
 38            383 
 38.1          383 
 38.2          383 
 38.5          383 
 38.6          383 
 38.7          383 
 38.9          383 
 39            383 
 39.1          383 
 39.3          383 
 39.4          383 
 39.5          383 
 39.6          383 
 39.7          383 
 40            383 
 40.1          383 
 40.2          384 
 40.5          384 
 40.6          384 
 40.7          384 
 41            384 
 41.1          384 
 41.2          384 
 41.4          384 
 41.5          384 
 41.6          384 
 41.7          375 
 41.9          375 
 42            375 
 42.1          375 
 42.2          376 
 42.4          376 
 42.6          376 
 42.7          376 
 42.9          376 
 43            376 
 43.1          376 
 43.2          376 
 43.4          376 
 43.5          376 
 43.6          376 
 43.7          376 
 43.9          377 
 44            377 
 44.1          377 
 44.3          377 
 44.4          378 
 44.5          378 
 44.6          378 
 44.8          378 
 44.9          378 
 45            378 
 45.1          378 
 45.3          378 
 45.4          378 
 45.5          378 
 45.6          379 
 45.8          379 
 45.9          379 
 46            379 
 46.1          379 
 46.2          379 
 46.4          379 
 46.5          379 
 46.7          379 
 46.9          379 
 47            380 
 47.1          380 
 47.3          380 
 47.4          380 
 47.5          380 
 47.6          380 
 47.8          380 
 47.9          380 
 48            381 
 48.1          381 
 48.3          381 
 48.4          381 
 48.5          381 
 48.6          381 
 48.7          381 
 48.9          381 
 49            381 
 49.1          381 
 49.2          381 
 49.5          382 
 49.6          382 
 49.7          382 
 50            382 
 50.1          383 
 50.2          383 
 50.4          383 
 50.6          383 
 50.7          383 
 50.9          383 
 51            383 
 51.1          383 
 51.3          384 
 51.4          384 
 51.5          384 
 51.6          384 
 51.7          384 
 51.9          384 
 52            384 
 52.2          384 
 52.4          384 
 52.5          384 
 52.6          375 
 52.7          375 
 52.9          375 
 53            376 
 53.1          376 
 53.2          376 
 53.4          376 
 53.5          376 
 53.6          376 
 53.7          376 
 54            377 
 54.1          377 
 54.2          378 
 54.4          378 
 54.6          378 
 54.7          378 
 54.9          379 
 55            379 
 55.1          379 
 55.3          379 
 55.4          379 
 55.5          379 
 55.6          379 
 55.7          379 
 56            380 
 56.1          380 
 56.2          380 
 56.4          380 
 56.5          380 
 56.6          381 
 56.7          381 
 56.9          381 
 57            381 
 57.1          381 
 57.2          381 
 57.4          381 
 57.5          381 
 57.7          381 
 57.9          382 
 58            382 
 58.1          382 
 58.3          382 
 58.4          382 
 58.5          383 
 58.6          383 
 58.8          383 
 58.9          383 
 59            383 
 59.1          383 
 59.3          383 
 59.4          383 
 59.5          383 
 59.6          383 
 59.8          383 
 59.9          383 
 60            383 
 60.1          383 
 60.2          383 
 60.5          384 
 60.6          384 
 60.7          384 
 60.9          384 
 61            384 
 61.1          384 
 61.3          384 
 61.4          384 
 61.5          384 
 61.6          384 
 61.7          385 
 61.9          385 
 62            385 
 62.1          385 
 62.2          385 
 62.4          385 
 62.5          385 
 62.7          385 
 62.9          385 
 63            385 
 63.1          375 
 63.2          375 
 63.4          375 
 63.6          375 
 63.7          375 
 63.9          375 
 64.1          375 
 64.2          375 
 64.4          376 
 64.6          376 
 64.7          376 
 64.9          376 
 65.2          376 
 65.4          376 
 65.6          376 
 65.8          376 
 65.9          376 
 66.1          376 
 66.2          376 
 66.4          376 
 66.6          376 
 66.8          376 
 66.9          376 
 67.1          376 
 67.3          376 
 67.4          376 
 67.6          376 
 67.7          376 
 67.9          376 
 68.2          376 
 68.4          376 
 68.6          376 
 68.7          376 
 68.9          376 
 69.1          376 
 69.2          376 
 69.4          376 
 69.7          377 
 69.9          377 
 70.1          377 
 70.3          377 
 70.4          377 
 70.6          378 
 70.7          378 
 70.9          378 
 71.1          379 
 71.2          379 
 71.4          379 
 71.7          379 
 71.9          379 
 72.1          380 
 72.3          380 
 72.4          380 
 72.6          381 
 72.7          381 
 72.9          381 
 73.1          381 
 73.2          381 
 73.4          381 
 73.6          382 
 73.7          382 
 73.9          382 
 74.1          382 
 74.2          382 
 74.4          383 
 74.6          383 
 74.7          383 
 74.9          383 
 75.1          383 
 75.2          383 
 75.5          383 
 75.7          384 
 75.9          384 
 76.1          384 
 76.2          384 
 76.4          385 
 76.6          385 
 76.7          385 
 76.9          385 
 77.1          385 
 77.2          385 
 77.5          385 
 77.7          385 
 78            376 
 78.2          376 
 78.4          377 
 78.7          377 
 78.9          378 
 79.1          378 
 79.2          379 
 79.5          379 
 79.7          379 
 79.9          379 
 80.2          379 
 80.4          380 
 80.6          380 
 80.7          381 
 80.9          381 
 81.1          381 
 81.2          381 
 81.4          381 
 81.6          381 
 81.7          382 
 81.9          382 
 82.1          383 
 82.2          383 
 82.4          383 
 82.6          383 
 82.7          383 
 82.9          383 
 83.1          383 
 83.2          384 
 83.4          384 
 83.6          384 
 83.8          384 
 83.9          385 
 84.1          385 
 84.2          385 
 84.4          385 
 84.6          385 
 84.7          385 
 85            385 
 85.2          385 
 85.4          376 
 85.7          377 
 85.9          378 
 86.1          378 
 86.2          378 
 86.5          378 
 86.7          379 
 86.9          379 
 87.1          379 
 87.2          379 
 87.4          379 
 87.6          380 
 87.7          380 
 88            381 
 88.2          381 
 88.5          381 
 88.7          381 
 88.9          382 
 89.2          382 
 89.4          382 
 89.6          383 
 89.8          383 
 89.9          383 
 90.1          383 
 90.2          383 
 90.4          383 
 90.6          384 
 90.7          384 
 90.9          384 
 91.1          384 
 91.2          385 
 91.4          385 
 91.6          385 
 91.7          385 
 92            385 
 92.2          385 
 92.4          385 
 92.6          385 
 92.7          376 
 92.9          376 
 93.1          376 
 93.2          377 
 93.4          378 
 93.6          378 
 93.8          378 
 93.9          379 
 94.1          379 
 94.2          379 
 94.5          379 
 94.7          379 
 94.9          380 
 95.1          380 
 95.2          380 
 95.4          380 
 95.6          381 
 95.8          381 
 95.9          381 
 96.1          381 
 96.2          381 
 96.4          381 
 96.7          382 
 96.9          382 
 97.1          382 
 97.3          383 
 97.4          383 
 97.6          383 
 97.7          383 
 98            383 
 98.2          383 
 98.4          384 
 98.7          384 
 98.9          385 
 99.1          385 
 99.2          385 
 99.4          385 
 99.6          385 
 99.7          385 
 99.9          385 
 100.1         385 
 100.2         385 
 100.4         385 
 100.7         385 
 100.9         385 
 101.1         385 
 101.2         385 
 101.4         385 
 101.6         385 
 101.7         376 
 101.9         376 
 102.1         376 
 102.3         376 
 102.4         376 
 102.6         376 
 102.7         376 
 102.9         376 
 103.1         376 
 103.2         376 
 103.4         376 
 103.6         376 
 103.7         376 
 103.9         376 
 104.1         376 
 104.3         376 
 104.4         376 
 104.6         376 
 104.7         376 
 104.9         376 
 105.1         376 
 105.2         376 
 105.4         376 
 105.6         376 
 105.7         376 
 105.9         376 
 106.2         376 
 106.4         376 
 106.6         376 
 106.8         376 
 106.9         376 
 107.1         376 
 107.2         376 
 107.5         376 
 107.7         376 
 107.9         376 
 108.1         376 
 108.3         376 
 108.4         376 
 108.6         376 
 108.7         376 
 108.9         376 
 109.2         376 
 109.4         376 
 109.7         376 
 109.9         377 
 110.1         377 
 110.3         377 
 110.4         377 
 110.6         377 
 110.7         377 
 110.9         378 
 111.1         378 
 111.2         378 
 111.5         379 
 111.7         379 
 111.9         379 
 112.1         379 
 112.3         379 
 112.4         379 
 112.6         380 
 112.7         380 
 112.9         380 
 113.1         380 
 113.3         380 
 113.4         381 
 113.6         381 
 113.7         381 
 113.9         381 
 114.1         381 
 114.3         381 
 114.4         381 
 114.6         382 
 114.7         382 
 114.9         382 
 115.1         383 
 115.2         383 
 115.5         383 
 115.7         383 
 116           383 
 116.2         383 
 116.4         383 
 116.7         383 
 116.9         384 
 117.1         384 
 117.3         384 
 117.4         384 
 117.6         385 
 117.7         385 
 118           385 
 118.2         385 
 118.4         385 
 118.6         385 
 118.8         385 
 118.9         376 
 119.1         376 
 119.2         377 
 119.5         377 
 119.7         378 
 119.9         379 
 120.1         379 
 120.3         379 
 120.4         379 
 120.6         379 
 120.7         379 
 120.9         380 
 121.1         380 
 121.2         380 
 121.4         381 
 121.6         381 
 121.7         381 
 121.9         381 
 122.1         381 
 122.2         381 
 122.4         382 
 122.6         383 
 122.8         383 
 122.9         383 
 123.1         383 
 123.2         383 
 123.4         383 
 123.6         383 
 123.7         383 
 123.9         384 
 124.2         384 
 124.4         385 
 124.6         385 
 124.8         385 
 124.9         385 
 125.1         385 
 125.2         385 
 125.5         385 
 125.7         385 
 125.9         385 
 126.1         385 
 126.2         377 
 126.4         377 
 126.6         377 
 126.7         378 
 126.9         378 
 127.1         379 
 127.2         379 
 127.5         379 
 127.7         380 
 127.9         380 
 128.1         380 
 128.3         381 
 128.5         381 
 128.7         381 
 128.9         381 
 129.1         382 
 129.3         382 
 129.5         382 
 129.7         383 
 129.8         383 
 130.1         383 
 130.3         383 
 130.5         384 
 130.7         384 
 130.9         384 
 131.1         385 
 131.3         385 
 131.5         385 
 131.8         385 
 132           386 
 132.3         386 
 132.5         386 
 132.8         386 
 133           386 
 133.2         386 
 133.3         378 
 133.6         378 
 133.8         379 
 134           379 
 134.3         379 
 134.5         380 
 134.7         380 
 134.9         380 
 135.1         381 
 135.3         381 
 135.5         381 
 135.7         381 
 135.8         381 
 136           382 
 136.3         382 
 136.5         383 
 136.7         383 
 136.9         383 
 137.1         383 
 137.3         383 
 137.5         384 
 137.7         384 
 137.8         384 
 138           385 
 138.2         385 
 138.3         385 
 138.5         385 
 138.7         385 
 138.8         385 
 139           385 
 139.2         385 
 139.3         385 
 139.5         385 
 139.7         385 
 139.8         375 
 140.1         375 
 140.3         376 
 140.5         376 
 140.7         376 
 140.8         376 
 141           377 
 141.3         377 
 141.5         378 
 141.8         378 
 142           378 
 142.2         378 
 142.4         378 
 142.6         379 
 142.9         379 
 143.1         379 
 143.3         379 
 143.5         379 
 143.7         379 
 143.9         379 
 144.1         379 
 144.3         379 
 144.5         379 
 144.7         379 
 144.8         379 
 145           379 
 145.2         379 
 145.3         379 
 145.5         379 
 145.7         379 
 145.8         379 
 146           379 
 146.2         379 
 146.3         379 
 146.5         379 
 146.8         379 
 147           379 
 147.2         379 
 147.3         379 
 147.5         379 
 147.7         379 
 147.8         379 
 148           379 
 148.2         379 
 148.3         379 
 148.5         379 
 148.7         379 
 148.8         379 
 149.1         379 
 149.3         379 
 149.5         379 
 149.7         380 
 149.8         380 
 150           380 
 150.2         380 
 150.3         380 
 150.5         380 
 150.7         381 
 150.9         381 
 151.1         381 
 151.3         381 
 151.5         382 
 151.7         382 
 151.8         382 
 152           383 
 152.3         383 
 152.5         383 
 152.7         383 
 152.8         383 
 153.1         383 
 153.3         384 
 153.5         384 
 153.7         385 
 153.9         385 
 154.1         385 
 154.3         385 
 154.6         385 
 154.8         385 
 155           385 
 155.3         385 
 155.5         385 
 155.7         376 
 155.8         376 
 156.1         376 
 156.3         377 
 156.5         378 
 156.7         378 
 156.8         378 
 157           379 
 157.2         379 
 157.3         379 
 157.5         379 
 157.7         379 
 157.9         379