 .9            337 
 1.1           338 
 1.3           338 
 1.5           338 
 1.6           338 
 1.8           338 
 2             338 
 2.1           338 
 2.2           338 
 2.4           338 
 2.5           338 
 2.6           338 
 2.7           338 
 2.9           338 
 3.1           338 
 3.2           338 
 3.4           338 
 3.5           338 
 3.6           338 
 3.7           338 
 3.9           338 
 4             339 
 4.2           339 
 4.5           339 
 4.7           339 
 4.9           339 
 5.2           339 
 5.4           339 
 5.6           340 
 5.7           340 
 5.9           340 
 6.1           340 
 6.2           340 
 6.4           340 
 6.6           340 
 6.7           340 
 6.9           340 
 7.1           340 
 7.3           340 
 7.4           340 
 7.6           340 
 7.7           340 
 8             341 
 8.2           341 
 8.3           341 
 8.5           341 
 8.8           341 
 9.1           341 
 9.3           342 
 9.5           342 
 9.7           342 
 9.8           342 
 10            342 
 10.3          342 
 10.5          342 
 10.7          342 
 10.8          342 
 11            342 
 11.2          342 
 11.3          342 
 11.5          343 
 11.7          343 
 11.9          343 
 12.1          343 
 12.3          343 
 12.5          344 
 12.7          344 
 12.8          344 
 13            344 
 13.2          344 
 13.3          344 
 13.5          344 
 13.7          344 
 13.8          344 
 14            344 
 14.3          344 
 14.5          344 
 14.7          344 
 14.8          344 
 15.1          344 
 15.3          344 
 15.5          344 
 15.7          344 
 15.9          344 
 16.1          344 
 16.3          345 
 16.6          345 
 16.8          345 
 17.1          345 
 17.3          345 
 17.5          345 
 17.6          332 
 17.8          332 
 18.1          333 
 18.3          333 
 18.5          333 
 18.6          334 
 18.8          334 
 19            334 
 19.1          334 
 19.3          334 
 19.6          334 
 19.8          334 
 20            335 
 20.1          335 
 20.3          335 
 20.5          335 
 20.6          335 
 20.8          336 
 21            336 
 21.1          336 
 21.3          336 
 21.5          336 
 21.7          336 
 21.8          336 
 22            336 
 22.1          336 
 22.3          336 
 22.6          337 
 22.8          337 
 23            337 
 23.1          337 
 23.3          337 
 23.6          338 
 23.8          338 
 24            338 
 24.2          338 
 24.3          338 
 24.5          338 
 24.6          338 
 24.9          338 
 25            338 
 25.1          338 
 25.3          338 
 25.6          339 
 25.8          339 
 26            339 
 26.1          339 
 26.3          339 
 26.5          340 
 26.6          340 
 26.8          340 
 27            340 
 27.1          340 
 27.3          340 
 27.5          340 
 27.6          340 
 27.8          340 
 28            340 
 28.2          340 
 28.3          340 
 28.5          340 
 28.6          340 
 28.8          340 
 29            340 
 29.1          340 
 29.3          340 
 29.5          340 
 29.7          340 
 29.8          340 
 30            340 
 30.1          340 
 30.3          340 
 30.5          340 
 30.6          340 
 30.9          340 
 31            340 
 31.1          340 
 31.4          340 
 31.5          340 
 31.6          340 
 31.9          340 
 32            340 
 32.1          340 
 32.2          340 
 32.5          340 
 32.6          340 
 32.7          340 
 32.9          340 
 33.1          340 
 33.2          340 
 33.4          340 
 33.6          340 
 33.7          340 
 33.9          339 
 34            339 
 34.2          339 
 34.4          339 
 34.5          339 
 34.6          339 
 34.8          339 
 34.9          339 
 35            339 
 35.1          339 
 35.3          339 
 35.4          338 
 35.5          338 
 35.6          338 
 35.7          338 
 35.9          338 
 36            338 
 36.2          338 
 36.4          338 
 36.5          338 
 36.6          338 
 36.8          338 
 36.9          338 
 37            338 
 37.1          338 
 37.3          338 
 37.4          338 
 37.5          338 
 37.6          338 
 37.7          338 
 37.9          338 
 38            338 
 38.1          338 
 38.2          338 
 38.5          338 
 38.6          338 
 38.7          338 
 38.9          338 
 39            338 
 39.2          338 
 39.4          338 
 39.5          339 
 39.6          339 
 39.7          339 
 39.9          339 
 40            339 
 40.1          339 
 40.2          339 
 40.4          340 
 40.6          340 
 40.7          340 
 40.9          340 
 41            340 
 41.2          340 
 41.4          340 
 41.5          341 
 41.7          341 
 41.9          341 
 42.1          341 
 42.2          341 
 42.4          342 
 42.5          342 
 42.7          342 
 42.9          342 
 43            342 
 43.1          342 
 43.2          342 
 43.5          342 
 43.6          342 
 43.7          342 
 43.9          342 
 44            342 
 44.1          342 
 44.2          342 
 44.4          342 
 44.5          343 
 44.6          343 
 44.7          343 
 44.9          343 
 45            343 
 45.1          343 
 45.2          343 
 45.4          343 
 45.6          343 
 45.7          344 
 45.9          344 
 46            344 
 46.2          344 
 46.4          344 
 46.5          344 
 46.6          344 
 46.7          344 
 47            344 
 47.1          345 
 47.2          345 
 47.4          345 
 47.5          345 
 47.6          345 
 47.8          345 
 47.9          345 
 48            345 
 48.1          345 
 48.2          345 
 48.4          345 
 48.5          332 
 48.7          332 
 48.9          333 
 49            334 
 49.2          334 
 49.4          334 
 49.5          334 
 49.6          334 
 49.8          335 
 49.9          335 
 50            335 
 50.1          335 
 50.2          335 
 50.4          335 
 50.5          336 
 50.7          336 
 50.9          336 
 51            336 
 51.2          336 
 51.4          336 
 51.5          337 
 51.6          337 
 51.8          337 
 51.9          337 
 52            338 
 52.1          338 
 52.2          338 
 52.4          338 
 52.5          338 
 52.6          338 
 52.7          338 
 52.9          338 
 53.1          338 
 53.2          339 
 53.4          339 
 53.5          339 
 53.6          340 
 53.8          340 
 53.9          340 
 54            340 
 54.1          340 
 54.2          340 
 54.4          340 
 54.6          340 
 54.7          340 
 54.9          341 
 55.1          341 
 55.2          341 
 55.4          342 
 55.5          342 
 55.6          342 
 55.7          342 
 55.9          342 
 56            342 
 56.1          342 
 56.2          342 
 56.4          342 
 56.6          343 
 56.7          343 
 56.9          343 
 57            343 
 57.1          343 
 57.2          343 
 57.4          344 
 57.5          344 
 57.6          344 
 57.7          344 
 58            344 
 58.1          344 
 58.2          344 
 58.4          344 
 58.5          344 
 58.7          344 
 58.9          345 
 59            345 
 59.1          345 
 59.2          345 
 59.5          346 
 59.6          346 
 59.7          346 
 59.9          346 
 60            346 
 60.2          346 
 60.4          346 
 60.5          346 
 60.6          346 
 60.7          334 
 60.9          334 
 61            334 
 61.1          334 
 61.2          334 
 61.4          334 
 61.6          334 
 61.7          334 
 61.9          336 
 62            336 
 62.1          336 
 62.2          336 
 62.4          336 
 62.5          336 
 62.6          336 
 62.7          336 
 63            336 
 63.1          336 
 63.2          337 
 63.4          337 
 63.5          337 
 63.7          338 
 63.9          338 
 64            338 
 64.3          338 
 64.4          338 
 64.6          338 
 64.7          338 
 64.9          339 
 65.1          339 
 65.2          339 
 65.4          339 
 65.6          340 
 65.7          340 
 66            340 
 66.2          340 
 66.5          340 
 66.7          340 
 66.9          340 
 67.2          341 
 67.4          341 
 67.7          341 
 67.9          341 
 68.1          341 
 68.2          341 
 68.4          342 
 68.7          342 
 68.9          342 
 69.2          342 
 69.4          342 
 69.6          342 
 69.7          342 
 69.9          342 
 70.1          342 
 70.2          342 
 70.4          342 
 70.7          342 
 70.9          342 
 71.1          342 
 71.2          342 
 71.4          342 
 71.6          342 
 71.7          342 
 72            342 
 72.2          342 
 72.4          342 
 72.6          342 
 72.7          342 
 72.9          342 
 73.1          342 
 73.2          342 
 73.4          342 
 73.6          342 
 73.7          342 
 74            341 
 74.2          341 
 74.4          341 
 74.6          341 
 74.8          341 
 74.9          341 
 75.1          341 
 75.3          341 
 75.4          340 
 75.6          340 
 75.8          340 
 75.9          340 
 76.1          340 
 76.2          340 
 76.5          340 
 76.7          340 
 77            339 
 77.2          339 
 77.5          339 
 77.7          339 
 78            339 
 78.2          339 
 78.4          339 
 78.6          339 
 78.7          339 
 78.9          339 
 79.2          339 
 79.4          339 
 79.6          339 
 79.7          339 
 79.9          339 
 80.1          339 
 80.2          339 
 80.5          339 
 80.7          339 
 80.9          339 
 81.2          340 
 81.4          340 
 81.6          340 
 81.7          340 
 82            340 
 82.2          340 
 82.4          340 
 82.7          340 
 82.9          340 
 83.1          340 
 83.3          340 
 83.4          340 
 83.6          341 
 83.8          341 
 83.9          341 
 84.1          341 
 84.3          341 
 84.4          341 
 84.7          341 
 85            341 
 85.2          341 
 85.4          341 
 85.6          341 
 85.8          341 
 85.9          341 
 86.1          342 
 86.3          342 
 86.4          342 
 86.6          342 
 86.8          342 
 86.9          342 
 87.1          342 
 87.3          342 
 87.4          342 
 87.6          343 
 87.7          343 
 87.9          343 
 88.1          343 
 88.2          343 
 88.4          343 
 88.7          344 
 88.9          344 
 89.1          344 
 89.2          344 
 89.4          344 
 89.6          344 
 89.7          344 
 89.9          344 
 90.2          345 
 90.4          345 
 90.7          345 
 90.9          345 
 91.1          345 
 91.3          345 
 91.4          345 
 91.6          328 
 91.7          329 
 92            330 
 92.2          330 
 92.4          330 
 92.6          331 
 92.8          331 
 92.9          331 
 93.1          332 
 93.2          332 
 93.4          332 
 93.6          332 
 93.7          332 
 93.9          332 
 94.1          333 
 94.2          333 
 94.4          333 
 94.6          334 
 94.8          334 
 94.9          334 
 95.1          334 
 95.2          334 
 95.5          334 
 95.7          334 
 96            334 
 96.2          335 
 96.4          335 
 96.7          336 
 96.9          336 
 97.1          336 
 97.3          336 
 97.4          336 
 97.6          336 
 97.7          336 
 98            336 
 98.2          337 
 98.4          337 
 98.6          338 
 98.7          338 
 98.9          338 
 99.1          338 
 99.2          338 
 99.5          338 
 99.7          338 
 99.9          339 
 100.2         339 
 100.4         340 
 100.6         340 
 100.7         340 
 100.9         340 
 101.1         340 
 101.2         340 
 101.4         340 
 101.6         340 
 101.7         340 
 102           341 
 102.2         341 
 102.4         341 
 102.6         341 
 102.7         341 
 102.9         342 
 103.1         342 
 103.2         342 
 103.5         342 
 103.7         342 
 103.9         342 
 104.1         342 
 104.3         342 
 104.4         343 
 104.6         343 
 104.7         343 
 105           343 
 105.2         343 
 105.4         344 
 105.6         344 
 105.8         344 
 105.9         344 
 106.1         344 
 106.3         344 
 106.4         344 
 106.6         344 
 106.7         344 
 107           344 
 107.2         345 
 107.4         345 
 107.6         345 
 107.7         345 
 107.9         345 
 108.1         345 
 108.2         345 
 108.5         346 
 108.7         346 
 109           346 
 109.2         346 
 109.4         346 
 109.6         346 
 109.7         346 
 109.9         331 
 110.2         331 
 110.4         331 
 110.6         331 
 110.8         331 
 110.9         332 
 111.1         332 
 111.2         332 
 111.4         332 
 111.6         332 
 111.7         332 
 111.9         332 
 112.1         332 
 112.3         332 
 112.4         331 
 112.6         331 
 112.7         331 
 112.9         331 
 113.1         331 
 113.2         331 
 113.5         331 
 113.7         331 
 113.9         330 
 114.1         330 
 114.2         330 
 114.4         330 
 114.6         330 
 114.7         330 
 114.9         330 
 115.2         330 
 115.4         330 
 115.6         330 
 115.8         330 
 115.9         330 
 116.1         330 
 116.3         330 
 116.4         330 
 116.6         330 
 116.7         330 
 116.9         330 
 117.1         330 
 117.2         330 
 117.4         330 
 117.7         330 
 117.9         330 
 118.1         330 
 118.2         330 
 118.5         330 
 118.7         330 
 118.9         330 
 119.1         330 
 119.2         330 
 119.4         330 
 119.6         330 
 119.7         330 
 119.9         330 
 120.1         330 
 120.2         331 
 120.4         331 
 120.6         331 
 120.7         331 
 120.9         332 
 121.1         332 
 121.2         332 
 121.4         332 
 121.7         332 
 121.9         332 
 122.1         332 
 122.3         332 
 122.4         332 
 122.6         332 
 122.7         332 
 122.9         333 
 123.1         333 
 123.2         333 
 123.4         333 
 123.7         334 
 123.9         334 
 124.1         334 
 124.2         334 
 124.5         334 
 124.7         334 
 124.9         334 
 125.1         334 
 125.2         334 
 125.4         334 
 125.6         334 
 125.7         334 
 126           334 
 126.2         335 
 126.5         335 
 126.7         335 
 126.9         335 
 127.1         335 
 127.2         335 
 127.4         336 
 127.7         336 
 127.9         336 
 128.2         336 
 128.3         336 
 128.5         336 
 128.8         337 
 129           337 
 129.2         337 
 129.3         337 
 129.5         337 
 129.7         337 
 129.8         337 
 130           338 
 130.2         338 
 130.3         338 
 130.5         338 
 130.7         338 
 130.9         338 
 131.1         338 
 131.3         338 
 131.6         338 
 131.8         339 
 132           339 
 132.2         339 
 132.4         339 
 132.6         339 
 132.8         340 
 133           340 
 133.3         340 
 133.5         340 
 133.7         340 
 133.8         340 
 134           340 
 134.2         340 
 134.3         340 
 134.5         340 
 134.7         340 
 134.8         341 
 135           341 
 135.2         341 
 135.3         341 
 135.5         341 
 135.7         341 
 135.8         342 
 136           342 
 136.2         342 
 136.3         342 
 136.5         342 
 136.7         342 
 136.8         342 
 137           342 
 137.2         342 
 137.3         342 
 137.5         342 
 137.7         342 
 137.8         342 
 138           343 
 138.3         343 
 138.5         343 
 138.7         344 
 138.9         344 
 139.1         344 
 139.4         344 
 139.6         344 
 139.8         344 
 140           344 
 140.2         344 
 140.3         344 
 140.6         344 
 140.8         345 
 141.1         345 
 141.3         346 
 141.5         346 
 141.8         346 
 142           346 
 142.2         346 
 142.4         346 
 142.6         334 
 142.8         334 
 143.1         334 
 143.3         334 
 143.5         334 
 143.7         334 
 143.8         335 
 144           335 
 144.2         335 
 144.3         335 
 144.5         335 
 144.7         336 
 144.8         336 
 145           336 
 145.2         336 
 145.3         336 
 145.6         336 
 145.8         337 
 146           337 
 146.2         337 
 146.3         338 
 146.5         338 
 146.7         338 
 146.8         338 
 147           338 
 147.3         338 
 147.5         338 
 147.7         339 
 147.9         339 
 148.1         339 
 148.3         339 
 148.5         339 
 148.7         340 
 148.8         340 
 149           340 
 149.2         340 
 149.4         340 
 149.6         340 
 149.8         340 
 150           340 
 150.2         340 
 150.3         340 
 150.5         340 
 150.7         340 
 150.8         340 
 151           340 
 151.2         340 
 151.4         340 
 151.6         340 
 151.8         340 
 152           340 
 152.2         340 
 152.4         340 
 152.6         340 
 152.8         340 
 153           340 
 153.3         340 
 153.5         340 
 153.8         340 
 154           340 
 154.2         340 
 154.3         340 
 154.5         340 
 154.7         340 
 154.8         340 
 155           340 
 155.3         340 
 155.5         340 
 155.7         339 
 155.9         339 
 156.1         339 
 156.3         339 
 156.5         339 
 156.7         339 
 156.8         339 
 157           339 
 157.2         339 
 157.3         339 
 157.6         339 
 157.8         339 
 158           339 
 158.2         339 
 158.3         339 
 158.5         340 
 158.7         340 
 158.8         340 
 159           340 
 159.2         340 
 159.3         340 
 159.5         340 
 159.7         340 
 159.9         340 
 160.1         341 
 160.4         341 
 160.6         341 
 160.9         342 
 161.1         342 
 161.3         342 
 161.6         342 
 161.8         343 
 162.1         343 
 162.3         343 
 162.6         344 
 162.8         344 
 163           344 
 163.3         344 
 163.5         344 
 163.7         344 
 163.8         344 
 164           344 
 164.2         344 
 164.3         344 
 164.6         344 
 164.8         330 
 165           330 
 165.2         330 
 165.3         331 
 165.5         332 
 165.8         332 
 166           332 
 166.2         332 
 166.3         332 
 166.5         333 
 166.7         333 
 166.8         333 
 167           334 
 167.2         334 
 167.3         334 
 167.5         334 
 167.8         334 
 168           334 
 168.2         335 
 168.3         335 
 168.5         336 
 168.7         336 
 168.8         336 
 169           336 
 169.3         336 
 169.5         336 
 169.7         336 