 .1            298 
 .2            298 
 .4            298 
 .6            298 
 .8            298 
 1             298 
 1.2           298 
 1.3           298 
 1.5           298 
 1.7           298 
 1.8           298 
 2             298 
 2.1           298 
 2.3           298 
 2.4           298 
 2.5           299 
 2.6           299 
 2.7           299 
 2.9           299 
 3             299 
 3.1           299 
 3.2           299 
 3.4           299 
 3.5           300 
 3.7           300 
 3.9           300 
 4             300 
 4.2           300 
 4.4           300 
 4.6           300 
 4.7           300 
 4.9           301 
 5.1           301 
 5.2           301 
 5.4           301 
 5.6           301 
 5.8           301 
 5.9           301 
 6.1           301 
 6.2           301 
 6.4           302 
 6.6           302 
 6.7           302 
 6.9           302 
 7.1           302 
 7.2           302 
 7.4           302 
 7.6           302 
 7.8           302 
 7.9           302 
 8.1           302 
 8.3           302 
 8.5           302 
 8.7           302 
 8.8           302 
 9             302 
 9.2           302 
 9.3           302 
 9.5           302 
 9.7           302 
 9.8           302 
 10            302 
 10.2          302 
 10.3          302 
 10.5          302 
 10.8          302 
 11            302 
 11.2          302 
 11.3          302 
 11.5          302 
 11.7          302 
 11.8          302 
 12            302 
 12.2          302 
 12.3          302 
 12.5          301 
 12.7          301 
 12.9          301 
 13.1          301 
 13.3          301 
 13.6          301 
 13.8          301 
 14            300 
 14.2          300 
 14.4          300 
 14.6          300 
 14.8          300 
 15.1          300 
 15.3          300 
 15.5          300 
 15.8          300 
 16            300 
 16.1          300 
 16.3          300 
 16.5          301 
 16.6          301 
 16.9          301 
 17            301 
 17.1          301 
 17.3          301 
 17.5          301 
 17.6          301 
 17.8          302 
 18            302 
 18.1          302 
 18.3          302 
 18.5          302 
 18.7          302 
 18.8          302 
 19            302 
 23            304 
 23.1          306 
 23.4          306 
 23.5          306 
 23.6          306 
 23.8          306 
 24            306 
 24.2          306 
 24.3          306 
 24.5          306 
 24.6          306 
 24.8          306 
 25            306 
 25.1          307 
 25.3          307 
 25.5          307 
 25.6          308 
 25.8          308 
 26            308 
 26.1          308 
 26.4          308 
 26.5          308 
 26.6          308 
 26.8          308 
 27            308 
 27.1          308 
 27.3          308 
 27.5          308 
 27.6          308 
 27.8          308 
 28.1          308 
 28.3          309 
 28.5          309 
 28.7          309 
 28.8          310 
 29            310 
 29.2          310 
 29.3          310 
 29.5          310 
 29.6          310 
 29.8          310 
 30            310 
 30.2          310 
 30.3          310 
 30.5          310 
 30.6          310 
 30.9          310 
 31            310 
 31.1          310 
 31.3          310 
 31.5          311 
 31.6          311 
 31.8          311 
 32            311 
 32.2          311 
 32.4          311 
 32.5          312 
 32.6          312 
 32.7          312 
 32.9          312 
 33            312 
 33.1          312 
 33.2          312 
 33.4          312 
 33.6          312 
 33.7          312 
 33.9          312 
 34.1          312 
 34.2          313 
 34.4          313 
 34.5          313 
 34.7          313 
 34.9          313 
 35            313 
 35.1          314 
 35.3          314 
 35.4          314 
 35.5          314 
 35.6          314 
 35.8          314 
 35.9          314 
 36            314 
 36.1          314 
 36.2          314 
 36.5          314 
 36.6          314 
 36.7          314 
 36.9          315 
 37.1          315 
 37.2          315 
 37.4          315 
 37.5          315 
 37.7          315 
 37.9          316 
 38            316 
 38.2          316 
 38.4          316 
 38.5          316 
 38.6          316 
 38.7          316 
 39            316 
 39.1          316 
 39.2          316 
 39.4          316 
 39.5          316 
 39.6          316 
 39.7          317 
 39.9          317 
 40            317 
 40.1          317 
 40.2          317 
 40.4          317 
 40.5          318 
 40.6          318 
 40.7          318 
 41            318 
 41.1          318 
 41.2          318 
 41.4          318 
 41.6          318 
 41.7          318 
 41.9          318 
 42.1          318 
 42.2          319 
 42.4          319 
 42.5          319 
 42.7          319 
 42.9          319 
 43            319 
 43.1          319 
 43.2          320 
 43.4          320 
 43.5          320 
 43.6          320 
 43.7          320 
 43.9          320 
 44.1          320 
 44.2          320 
 44.4          320 
 44.5          320 
 44.6          320 
 44.8          320 
 44.9          320 
 45            320 
 45.1          321 
 45.2          321 
 45.4          321 
 45.5          321 
 45.6          321 
 45.7          321 
 45.9          321 
 46            321 
 46.1          321 
 46.3          321 
 46.4          321 
 46.5          321 
 46.6          317 
 46.7          317 
 46.9          317 
 47.1          317 
 47.2          317 
 47.4          317 
 47.5          317 
 47.7          317 
 47.9          317 
 48            316 
 48.2          316 
 48.4          316 
 48.5          316 
 48.6          316 
 48.8          316 
 48.9          316 
 49            316 
 49.1          316 
 49.2          316 
 49.4          316 
 49.5          316 
 49.6          316 
 49.7          316 
 50            316 
 50.1          316 
 50.2          316 
 50.5          316 
 50.6          316 
 50.7          316 
 50.9          316 
 51.1          316 
 51.2          316 
 51.4          316 
 51.5          316 
 51.7          316 
 51.9          316 
 52            316 
 52.2          316 
 52.4          316 
 52.5          316 
 52.6          316 
 52.8          316 
 52.9          316 
 53            316 
 53.1          316 
 53.2          316 
 53.4          315 
 53.6          315 
 53.7          315 
 53.9          315 
 54            315 
 54.1          315 
 54.3          315 
 54.4          315 
 54.5          315 
 54.6          315 
 54.7          315 
 55            315 
 55.1          315 
 55.2          315 
 55.4          315 
 55.6          315 
 55.7          315 
 55.9          315 
 56            315 
 56.1          315 
 56.2          315 
 56.5          315 
 56.6          315 
 56.7          315 
 57            315 
 57.1          316 
 57.2          316 
 57.4          316 
 57.6          316 
 57.7          316 
 57.9          316 
 58            316 
 58.2          316 
 58.4          316 
 58.5          317 
 58.6          317 
 58.7          317 
 59            318 
 59.1          318 
 59.2          318 
 59.4          318 
 59.6          318 
 59.7          318 
 59.9          318 
 60            318 
 60.2          318 
 60.4          318 
 60.5          319 
 60.6          319 
 60.7          319 
 60.9          319 
 61            320 
 61.1          320 
 61.2          320 
 61.4          320 
 61.5          320 
 61.6          320 
 61.7          320 
 62            320 
 62.1          320 
 62.2          320 
 62.4          321 
 62.5          321 
 62.7          321 
 62.9          321 
 63            321 
 63.1          321 
 63.2          321 
 63.4          322 
 63.5          322 
 63.6          322 
 63.7          322 
 63.9          322 
 64.1          322 
 64.2          322 
 64.4          322 
 64.6          322 
 64.8          322 
 64.9          316 
 65.1          316 
 65.2          316 
 65.5          316 
 65.7          316 
 65.9          317 
 66.1          317 
 66.3          317 
 66.4          317 
 66.6          318 
 66.8          318 
 66.9          318 
 67.1          318 
 67.2          318 
 67.5          318 
 67.7          318 
 68            318 
 68.2          319 
 68.4          319 
 68.6          319 
 68.7          320 
 69            320 
 69.2          320 
 69.4          320 
 69.6          320 
 69.7          320 
 69.9          320 
 70.1          320 
 70.2          320 
 70.4          320 
 70.6          321 
 70.7          321 
 70.9          321 
 71.2          322 
 71.4          322 
 71.6          322 
 71.7          322 
 71.9          322 
 72.1          322 
 72.2          322 
 72.4          322 
 72.6          322 
 72.7          316 
 72.9          316 
 73.2          316 
 73.4          317 
 73.6          317 
 73.7          317 
 73.9          317 
 74.1          318 
 74.2          318 
 74.4          318 
 74.6          318 
 74.7          318 
 74.9          318 
 75.1          318 
 75.3          318 
 75.4          318 
 75.6          319 
 75.7          319 
 76            319 
 76.2          319 
 76.4          320 
 76.6          320 
 76.8          320 
 76.9          320 
 77.1          320 
 77.3          320 
 77.4          320 
 77.6          321 
 77.7          321 
 78            321 
 78.2          321 
 78.4          322 
 78.6          322 
 78.7          322 
 78.9          322 
 79.1          322 
 79.3          322 
 79.4          322 
 79.6          322 
 79.7          322 
 80            316 
 80.2          317 
 80.4          317 
 80.7          317 
 80.9          318 
 81.1          318 
 81.2          318 
 81.4          318 
 81.6          318 
 81.7          318 
 81.9          318 
 82.1          318 
 82.2          318 
 82.4          319 
 82.6          319 
 82.7          319 
 82.9          319 
 83.1          320 
 83.2          320 
 83.4          320 
 83.6          320 
 83.7          320 
 83.9          320 
 84.1          320 
 84.3          320 
 84.4          320 
 84.6          320 
 84.7          320 
 84.9          320 
 85.1          320 
 85.2          320 
 85.4          320 
 85.6          320 
 85.7          320 
 85.9          320 
 86.1          320 
 86.2          320 
 86.5          320 
 86.7          320 
 87            321 
 87.2          321 
 87.4          321 
 87.6          321 
 87.8          321 
 87.9          321 
 88.1          321 
 88.2          321 
 88.5          321 
 88.7          321 
 89            321 
 89.2          321 
 89.4          321 
 89.6          321 
 89.8          321 
 89.9          320 
 90.1          320 
 90.2          320 
 90.4          320 
 90.7          320 
 90.9          320 
 91.2          320 
 91.4          320 
 91.6          320 
 91.7          320 
 91.9          320 
 92.1          320 
 92.2          320 
 92.4          320 
 92.6          320 
 92.8          320 
 92.9          318 
 93.1          318 
 93.2          318 
 93.4          318 
 93.6          318 
 93.7          318 
 93.9          318 
 94.1          318 
 94.2          318 
 94.4          317 
 94.6          317 
 94.7          317 
 95            317 
 95.2          317 
 95.4          317 
 95.6          317 
 95.7          317 
 95.9          316 
 96.1          316 
 96.2          316 
 96.4          316 
 96.7          316 
 96.9          316 
 97.2          316 
 97.4          316 
 97.6          316 
 97.7          316 
 97.9          316 
 98.1          317 
 98.2          317 
 98.5          317 
 98.7          317 
 98.9          318 
 99.1          318 
 99.2          318 
 99.4          318 
 99.6          318 
 99.7          318 
 99.9          319 
 100.1         319 
 100.2         319 
 100.4         319 
 100.6         319 
 100.7         319 
 100.9         320 
 101.1         320 
 101.2         320 
 101.4         320 
 101.6         320 
 101.7         320 
 101.9         320 
 102.1         320 
 102.3         320 
 102.4         321 
 102.6         321 
 102.7         321 
 102.9         321 
 103.1         322 
 103.2         322 
 103.5         322 
 103.7         322 
 103.9         322 
 104.2         322 
 104.4         322 
 104.6         315 
 104.8         316 
 104.9         316 
 105.1         316 
 105.3         316 
 105.4         316 
 105.6         316 
 105.8         316 
 105.9         316 
 106.1         317 
 106.2         317 
 106.4         317 
 106.6         318 
 106.7         318 
 106.9         318 
 107.1         318 
 107.2         318 
 107.4         318 
 107.7         318 
 107.9         318 
 108.2         318 
 108.4         318 
 108.6         319 
 108.7         319 
 109           319 
 109.2         319 
 109.4         319 
 109.7         319 
 109.9         320 
 110.1         320 
 110.2         320 
 110.4         320 
 110.6         320 
 110.7         320 
 110.9         320 
 111.2         320 
 111.4         320 
 111.6         321 
 111.7         321 
 111.9         321 
 112.1         321 
 112.2         321 
 112.4         322 
 112.6         322 
 112.7         322 
 112.9         322 
 113.1         322 
 113.2         322 
 113.4         322 
 113.6         322 
 113.7         316 
 113.9         316 
 114.1         316 
 114.2         316 
 114.4         316 
 114.6         317 
 114.7         317 
 114.9         317 
 115.1         317 
 115.2         318 
 115.4         318 
 115.6         318 
 115.7         318 
 115.9         318 
 116.1         318 
 116.2         318 
 116.4         319 
 116.7         319 
 116.9         319 
 117.1         320 
 117.3         320 
 117.4         320 
 117.6         320 
 117.7         320 
 117.9         320 
 118.2         320 
 118.4         321 
 118.6         321 
 118.8         321 
 118.9         322 
 119.2         322 
 119.4         322 
 119.6         322 
 119.8         322 
 119.9         322 
 120.1         322 
 120.2         322 
 120.4         316 
 120.6         316 
 120.7         316 
 120.9         316 
 121.2         317 
 121.4         317 
 121.6         318 
 121.7         318 
 121.9         318 
 122.1         318 
 122.2         318 
 122.4         318 
 122.6         318 
 122.7         318 
 122.9         319 
 123.1         320 
 123.2         320 
 123.4         320 
 123.6         320 
 123.8         320 
 123.9         320 
 124.1         320 
 124.2         321 
 124.4         321 
 124.6         321 
 124.7         321 
 125           322 
 125.2         322 
 125.4         322 
 125.6         322 
 125.8         322 
 125.9         322 
 126.1         322 
 126.2         322 
 126.5         316 
 126.7         316 
 126.9         316 
 127.1         316 
 127.2         317 
 127.4         317 
 127.7         317 
 127.9         317 
 128.1         318 
 128.4         318 
 128.6         318 
 128.8         318 
 129           318 
 129.2         318 
 129.3         318 
 129.5         318 
 129.7         318 
 129.8         318 
 130           318 
 130.2         318 
 130.3         318 
 130.6         318 
 130.8         318 
 131.1         318 
 131.3         318 
 131.5         318 
 131.8         318 
 132           318 
 132.2         318 
 132.4         318 
 132.6         318 
 132.8         318 
 133.1         318 
 133.3         317 
 133.5         317 
 133.7         317 
 133.8         317 
 134           317 
 134.2         317 
 134.3         317 
 134.5         317 
 134.7         316 
 134.8         316 
 135           316 
 135.2         316 
 135.3         316 
 135.5         316 
 135.7         316 
 135.8         316 
 136           316 
 136.2         316 
 136.3         316 
 136.6         316 
 136.8         316 
 137           316 
 137.2         316 
 137.3         316 
 137.5         316 
 137.7         316 
 137.8         316 
 138.1         316 
 138.3         317 
 138.5         317 
 138.7         317 
 138.8         317 
 139           318 
 139.2         318 
 139.4         318 
 139.6         318 
 139.8         318 
 140           318 
 140.2         318 
 140.3         318 
 140.5         319 
 140.7         319 
 140.8         319 
 141           319 
 141.3         319 
 141.5         319 
 141.7         320 
 141.8         320 
 142.1         320 
 142.3         320 
 142.5         320 
 142.7         320 
 142.8         320 
 143           320 
 143.2         320 
 143.3         320 
 143.5         320 
 143.8         320 
 144           320 
 144.3         320 
 144.5         321 
 144.7         321 
 144.8         321 
 145           321 
 145.2         321 
 145.3         321 
 145.5         321 
 145.7         321 
 145.8         321 
 146           316 
 146.2         316 
 146.3         316 
 146.5         316 
 146.7         316 
 146.8         316 
 147           316 
 147.2         316 
 147.3         316 
 147.6         316 
 147.8         316 
 148           316 
 148.2         316 
 148.3         316 
 148.5         316 
 148.7         317 
 148.9         317 
 149.1         317 
 149.3         317 
 149.6         317 
 149.8         318 
 150           318 
 150.2         318 
 150.4         318 