 .1            276 
 .2            276 
 .5            276 
 .7            276 
 .8            276 
 1             276 
 1.2           276 
 1.3           276 
 1.5           276 
 1.6           276 
 1.9           276 
 2             276 
 2.1           276 
 2.2           276 
 2.4           276 
 2.5           276 
 2.6           276 
 2.7           276 
 2.9           276 
 3             276 
 3.2           277 
 3.4           277 
 3.5           277 
 3.6           277 
 3.7           277 
 3.9           277 
 4.1           277 
 4.2           278 
 4.4           278 
 4.6           278 
 4.8           278 
 4.9           278 
 5.1           278 
 5.2           278 
 5.4           278 
 5.6           278 
 5.7           278 
 5.9           279 
 6.2           279 
 6.4           279 
 6.6           279 
 6.7           279 
 7             280 
 7.2           280 
 7.4           280 
 7.6           280 
 7.8           280 
 7.9           280 
 8.1           280 
 8.3           280 
 8.6           280 
 8.8           281 
 9             281 
 9.3           281 
 9.5           282 
 9.7           282 
 9.9           282 
 10.1          282 
 10.3          282 
 10.5          282 
 10.7          282 
 10.8          282 
 11            282 
 11.2          282 
 11.4          282 
 11.6          282 
 11.9          283 
 12.1          283 
 12.3          283 
 12.5          283 
 12.7          284 
 12.8          284 
 13            284 
 13.2          284 
 13.4          284 
 13.6          284 
 13.8          284 
 14            284 
 14.2          284 
 14.3          284 
 14.5          284 
 14.7          285 
 14.9          285 
 15.1          285 
 15.3          285 
 15.6          285 
 15.8          285 
 16.1          285 
 16.3          285 
 16.5          285 
 16.6          285 
 16.8          285 
 17            285 
 17.1          285 
 17.3          285 
 17.6          286 
 17.8          286 
 18            286 
 18.1          286 
 18.4          286 
 18.5          286 
 18.6          286 
 18.8          286 
 19            285 
 19.2          285 
 19.3          285 
 19.5          285 
 19.6          285 
 19.8          285 
 20            285 
 20.1          285 
 20.3          285 
 20.5          284 
 20.6          284 
 20.8          284 
 21            284 
 21.1          284 
 21.4          284 
 21.5          284 
 21.6          284 
 21.9          284 
 22            284 
 22.1          284 
 22.3          284 
 22.6          284 
 22.8          284 
 23            284 
 23.1          284 
 23.4          282 
 23.5          282 
 23.6          282 
 23.9          282 
 24            282 
 24.1          282 
 24.3          282 
 24.5          282 
 24.6          282 
 24.8          282 
 25            281 
 25.2          281 
 25.3          281 
 25.5          281 
 25.6          281 
 25.8          281 
 26            281 
 26.1          281 
 26.3          281 
 26.5          281 
 26.6          281 
 26.9          281 
 27            281 
 27.1          281 
 27.3          281 
 27.5          281 
 27.6          281 
 27.8          281 
 28            282 
 28.1          282 
 28.3          282 
 28.5          282 
 28.6          282 
 28.8          282 
 29            282 
 29.1          282 
 29.3          282 
 29.5          283 
 29.7          283 
 29.8          283 
 30            284 
 30.1          284 
 30.3          284 
 30.5          284 
 30.6          284 
 30.8          284 
 31            284 
 31.1          284 
 31.3          284 
 31.5          284 
 31.6          284 
 31.8          284 
 32            285 
 32.2          285 
 32.4          285 
 32.5          285 
 32.6          286 
 32.7          286 
 32.9          286 
 33            286 
 33.1          286 
 33.2          286 
 33.4          286 
 33.5          286 
 33.7          286 
 33.9          286 
 34            286 
 34.1          286 
 34.2          286 
 34.5          287 
 34.6          287 
 34.7          287 
 34.9          287 
 35            287 
 35.2          287 
 35.4          287 
 35.5          288 
 35.6          288 
 35.8          288 
 35.9          288 
 36            288 
 36.1          288 
 36.3          288 
 36.4          288 
 36.5          288 
 36.6          288 
 36.7          288 
 36.9          288 
 37            289 
 37.1          289 
 37.2          289 
 37.5          289 
 37.6          289 
 37.7          289 
 38            290 
 38.1          290 
 38.2          290 
 38.4          290 
 38.5          290 
 38.7          290 
 38.9          290 
 39            290 
 39.1          290 
 39.3          290 
 39.4          290 
 39.5          291 
 39.6          291 
 39.7          291 
 39.9          291 
 40            291 
 40.2          291 
 40.4          292 
 40.5          292 
 40.7          292 
 40.9          292 
 41            292 
 41.2          292 
 41.4          292 
 41.5          292 
 41.6          292 
 41.7          292 
 41.9          277 
 42            277 
 42.1          277 
 42.2          277 
 42.5          278 
 42.6          278 
 42.7          278 
 42.9          278 
 43.1          279 
 43.2          279 
 43.4          279 
 43.5          279 
 43.6          279 
 43.8          280 
 43.9          280 
 44            280 
 44.1          280 
 44.3          280 
 44.4          280 
 44.5          280 
 44.6          280 
 44.7          280 
 44.9          281 
 45            281 
 45.1          281 
 45.2          281 
 45.4          281 
 45.6          282 
 45.7          282 
 45.9          282 
 46            282 
 46.1          282 
 46.3          282 
 46.4          282 
 46.5          282 
 46.6          282 
 46.7          283 
 46.9          283 
 47            283 
 47.1          283 
 47.2          283 
 47.5          284 
 47.6          284 
 47.7          284 
 47.9          284 
 48.1          284 
 48.2          284 
 48.4          284 
 48.5          284 
 48.6          284 
 48.8          285 
 48.9          285 
 49            285 
 49.1          285 
 49.2          285 
 49.5          285 
 49.6          285 
 49.7          286 
 49.9          286 
 50.1          286 
 50.2          286 
 50.4          286 
 50.5          286 
 50.7          286 
 50.9          287 
 51            287 
 51.1          287 
 51.2          287 
 51.4          287 
 51.5          287 
 51.6          288 
 51.7          288 
 51.9          288 
 52            288 
 52.2          288 
 52.4          288 
 52.5          288 
 52.6          288 
 52.7          288 
 52.9          288 
 53            288 
 53.1          289 
 53.2          289 
 53.4          289 
 53.6          289 
 53.7          289 
 53.9          289 
 54            290 
 54.1          290 
 54.2          290 
 54.4          290 
 54.5          290 
 54.6          290 
 54.7          290 
 54.9          290 
 55            290 
 55.2          290 
 55.4          291 
 55.5          291 
 55.6          291 
 55.8          291 
 55.9          291 
 56            292 
 56.1          292 
 56.2          292 
 56.4          292 
 56.5          292 
 56.6          292 
 56.7          292 
 56.9          292 
 57            292 
 57.2          292 
 57.4          292 
 57.5          292 
 57.6          292 
 57.8          292 
 57.9          292 
 58            292 
 58.1          292 
 58.2          292 
 58.4          292 
 58.5          292 
 58.6          292 
 58.7          278 
 59            278 
 59.1          278 
 59.2          279 
 59.4          279 
 59.5          279 
 59.7          280 
 59.9          280 
 60            280 
 60.1          280 
 60.2          280 
 60.5          280 
 60.6          280 
 60.7          280 
 60.9          280 
 61            280 
 61.2          280 
 61.4          280 
 61.5          280 
 61.6          280 
 61.8          280 
 61.9          280 
 62            280 
 62.1          280 
 62.2          280 
 62.4          280 
 62.5          280 
 62.6          280 
 62.7          280 
 62.9          280 
 63.1          280 
 63.2          280 
 63.4          280 
 63.5          280 
 63.6          280 
 63.8          280 
 63.9          280 
 64            280 
 64.2          280 
 64.4          280 
 64.6          280 
 64.7          280 
 64.9          280 
 65.1          280 
 65.2          280 
 65.4          280 
 65.6          280 
 65.7          280 
 66            280 
 66.2          280 
 66.4          280 
 66.6          280 
 66.7          280 
 67            280 
 67.2          280 
 67.4          280 
 67.7          280 
 67.9          280 
 68.2          280 
 68.4          280 
 68.6          281 
 68.8          281 
 68.9          281 
 69.1          281 
 69.2          281 
 69.4          282 
 69.6          282 
 69.7          282 
 70            282 
 70.2          282 
 70.4          282 
 70.7          283 
 70.9          283 
 71.2          284 
 71.4          284 
 71.6          284 
 71.8          284 
 71.9          284 
 72.1          284 
 72.2          284 
 72.4          284 
 72.6          285 
 72.7          285 
 72.9          285 
 73.1          285 
 73.3          286 
 73.4          286 
 73.6          286 
 73.7          286 
 73.9          286 
 74.1          286 
 74.2          286 
 74.4          286 
 74.6          286 
 74.8          286 
 74.9          286 
 75.1          286 
 75.2          287 
 75.4          287 
 75.6          287 
 75.7          288 
 75.9          288 
 76.1          288 
 76.2          288 
 76.5          288 
 76.7          288 
 76.9          288 
 77.1          289 
 77.3          289 
 77.4          289 
 77.6          289 
 77.7          289 
 78            290 
 78.2          290 
 78.5          290 
 78.7          290 
 78.9          290 
 79.1          290 
 79.2          290 
 79.4          291 
 79.7          291 
 79.9          292 
 80.1          292 
 80.2          292 
 80.5          292 
 80.7          292 
 80.9          292 
 81.1          292 
 81.2          293 
 81.4          293 
 81.6          293 
 81.7          293 
 81.9          293 
 82.1          293 
 82.2          293 
 82.4          293 
 82.6          293 
 82.7          293 
 83            281 
 83.2          282 
 83.4          282 
 83.6          282 
 83.7          282 
 83.9          282 
 84.1          283 
 84.2          283 
 84.4          283 
 84.7          284 
 84.9          284 
 85.1          284 
 85.2          284 
 85.4          284 
 85.6          285 
 85.7          285 
 86            286 
 86.2          286 
 86.5          286 
 86.7          286 
 86.9          286 
 87.1          287 
 87.3          287 
 87.4          287 
 87.6          287 
 87.7          287 
 88            287 
 88.2          288 
 88.4          288 
 88.7          288 
 88.9          288 
 89.1          288 
 89.3          288 
 89.4          288 
 89.6          289 
 89.7          289 
 89.9          289 
 90.1          290 
 90.2          290 
 90.4          290 
 90.6          290 
 90.7          290 
 91            290 
 91.2          290 
 91.4          290 
 91.7          291 
 91.9          291 
 92.1          291 
 92.2          292 
 92.4          292 
 92.6          292 
 92.7          292 
 92.9          292 
 93.1          292 
 93.2          292 
 93.4          292 
 93.6          293 
 93.7          293 
 93.9          293 
 94.1          293 
 94.2          293 
 94.4          293 
 94.6          293 
 94.8          293 
 94.9          293 
 95.1          278 
 95.2          278 
 95.4          278 
 95.6          279 
 95.7          280 
 96            280 
 96.2          280 
 96.4          280 
 96.7          281 
 96.9          281 
 97.1          282 
 97.3          282 
 97.4          282 
 97.6          282 
 97.7          282 
 98            282 
 98.2          282 
 98.4          283 
 98.7          283 
 98.9          283 
 99.1          284 
 99.2          284 
 99.4          284 
 99.7          284 
 99.9          284 
 100.2         284 
 100.4         284 
 100.7         284 
 100.9         284 
 101.1         285 
 101.3         285 
 101.4         285 
 101.6         285 
 101.7         285 
 101.9         285 
 102.1         285 
 102.2         285 
 102.4         285 
 102.6         285 
 102.7         285 
 102.9         285 
 103.1         285 
 103.2         285 
 103.4         285 
 103.6         285 
 103.7         285 
 104           285 
 104.2         285 
 104.4         285 
 104.6         285 
 104.7         285 
 104.9         285 
 105.1         285 
 105.3         285 
 105.4         284 
 105.6         284 
 105.7         284 
 105.9         284 
 106.2         285 
 106.4         285 
 106.6         285 
 106.7         285 
 107           285 
 107.2         285 
 107.4         285 
 107.6         285 
 107.7         285 
 107.9         285 
 108.2         285 
 108.4         286 
 108.7         286 
 108.9         286 
 109.1         286 
 109.3         286 
 109.4         286 
 109.6         286 
 109.7         286 
 109.9         287 
 110.1         288 
 110.2         288 
 110.4         288 
 110.6         288 
 110.7         288 
 111           288 
 111.2         289 
 111.4         289 
 111.7         289 
 111.9         289 
 112.1         290 
 112.3         290 
 112.4         290 
 112.6         290 
 112.8         290 
 112.9         290 
 113.1         290 
 113.2         290 
 113.5         290 
 113.7         291 
 113.9         291 
 114.1         292 
 114.3         292 
 114.4         292 
 114.6         292 
 114.7         292 
 114.9         292 
 115.1         292 
 115.2         292 
 115.4         292 
 115.6         292 
 115.7         292 
 115.9         292 
 116.1         292 
 116.3         292 
 116.4         292 
 116.6         292 
 116.7         292 
 116.9         293 
 117.1         293 
 117.2         293 
 117.4         293 
 117.6         293 
 117.7         293 
 117.9         293 
 118.1         293 
 118.2         293 
 118.5         278 
 118.7         278 
 119           278 
 119.2         279 
 119.4         279 
 119.6         279 
 119.7         279 
 119.9         280 
 120.2         280 
 120.4         280 
 120.6         280 
 120.7         280 
 120.9         280 
 121.1         280 
 121.2         280 
 121.4         281 
 121.6         281 
 121.7         281 
 122           281 
 122.2         282 
 122.4         282 
 122.6         282 
 122.7         282 
 122.9         282 
 123.1         282 
 123.2         282 
 123.4         282 
 123.7         282 
 123.9         283 
 124.1         283 
 124.3         283 
 124.4         284 
 124.6         284 
 124.8         284 
 124.9         284 
 125.1         284 
 125.2         284 
 125.5         284 
 125.7         284 
 125.9         284 
 126.2         285 
 126.4         285 
 126.6         285 
 126.8         285 
 126.9         286 
 127.1         286 
 127.2         286 
 127.4         286 
 127.6         286 
 127.7         286 
 128           286 
 128.2         286 
 128.3         286 
 128.5         286 
 128.7         287 
 128.8         287 
 129           287 
 129.2         287 
 129.3         288 
 129.5         288 
 129.7         288 
 129.8         288 
 130           288 
 130.3         288 
 130.5         288 
 130.7         289 
 130.9         289 
 131.1         289 
 131.3         290 
 131.6         290 
 131.8         290 
 132           290 
 132.3         290 
 132.5         290 
 132.7         290 
 132.9         290 
 133.1         291 
 133.3         291 
 133.5         291 
 133.8         291 
 134           292 
 134.3         292 
 134.5         292 
 134.7         292 
 134.8         292 
 135.1         292 
 135.3         292 
 135.5         293 
 135.7         293 
 135.9         293 
 136.1         293 
 136.3         293 
 136.6         293 
 136.8         278 
 137           278 
 137.3         278 
 137.5         279 
 137.7         279 
 137.9         279 
 138.1         280 
 138.4         280 
 138.6         280 
 138.8         280 
 139           280 
 139.2         280 
 139.3         280 
 139.6         281 
 139.8         281 
 140.1         281 
 140.3         281 
 140.6         281 
 140.8         281 
 141           281 
 141.2         281 
 141.3         281 
 141.5         281 
 141.8         281 
 142           281 
 142.3         281 
 142.5         281 
 142.7         281 
 142.9         281 
 143.1         281 
 143.3         281 
 143.5         281 
 143.7         281 
 143.8         280 
 144           280 
 144.2         280 
 144.3         280 
 144.6         280 
 144.8         280 
 145           280 
 145.2         280 
 145.3         279 
 145.6         279 
 145.8         279 
 146           279 
 146.2         279 
 146.3         279 
 146.5         279 
 146.7         279 
 146.8         279 
 147           279 
 147.3         279 
 147.5         279 
 147.7         279 
 147.8         279 
 148           279 
 148.2         279 
 148.3         279 
 148.5         279 
 148.7         279 
 148.8         279 
 149           280 
 149.2         280 
 149.3         280 
 149.6         280 
 149.8         280 
 150.1         280 
 150.3         280 
 150.6         281 
 150.8         281 
 151           282 
 151.3         282 
 151.5         282 
 151.7         282 
 151.9         282 
 152.1         282 
 152.3         282 
 152.6         282 
 152.8         283 
 153.1         283 
 153.3         283 
 153.5         284 
 153.7         284 
 153.8         284 
 154           284 
 154.3         284 
 154.5         284 
 154.8         284 
 155           284 
 155.2         284 
 155.3         284 
 155.5         285 
 155.8         285 
 156           285 
 156.2         286 
 156.4         286 
 156.6         286 
 156.8         286 
 157           286 
 157.2         286 
 157.3         286 
 157.5         287 
 157.7         287 