 .2            258 
 .5            258 
 .7            258 
 .8            258 
 1.1           258 
 1.3           259 
 1.5           259 
 1.6           260 
 1.8           260 
 2             260 
 2.1           260 
 2.2           260 
 2.4           260 
 2.5           260 
 2.6           260 
 2.7           260 
 2.9           260 
 3             260 
 3.1           260 
 3.2           261 
 3.4           261 
 3.5           261 
 3.6           262 
 3.7           262 
 4             262 
 4.2           262 
 4.4           262 
 4.6           262 
 4.8           262 
 4.9           262 
 5.1           263 
 5.2           263 
 5.5           263 
 5.7           263 
 5.9           264 
 6.1           264 
 6.3           264 
 6.4           264 
 6.6           264 
 6.7           264 
 7             264 
 7.2           264 
 7.5           265 
 7.7           265 
 7.9           265 
 8.1           266 
 8.3           266 
 8.5           266 
 8.7           266 
 8.8           266 
 9             266 
 9.2           267 
 9.4           267 
 9.6           267 
 9.8           268 
 10            268 
 10.2          268 
 10.3          268 
 10.5          268 
 10.7          268 
 10.9          268 
 11.1          269 
 11.4          269 
 11.6          269 
 11.8          269 
 12            270 
 12.2          270 
 12.3          270 
 12.6          270 
 12.8          270 
 13            270 
 13.2          270 
 13.3          270 
 13.5          270 
 13.7          270 
 13.9          271 
 14.1          271 
 14.3          271 
 14.6          271 
 14.8          271 
 15            272 
 15.3          272 
 15.5          272 
 15.7          272 
 15.9          272 
 16.1          272 
 16.3          272 
 16.5          272 
 16.7          272 
 16.8          272 
 17            272 
 17.1          272 
 17.3          272 
 17.5          272 
 17.6          272 
 17.8          272 
 18.1          271 
 18.3          271 
 18.5          272 
 18.7          272 
 18.8          272 
 19            272 
 19.1          272 
 19.3          272 
 19.5          272 
 19.6          272 
 19.8          272 
 20            271 
 20.1          271 
 20.3          271 
 20.5          271 
 20.6          271 
 20.8          271 
 21            271 
 21.1          271 
 21.4          271 
 21.5          271 
 21.6          271 
 21.8          271 
 22            271 
 22.1          271 
 22.3          271 
 22.5          271 
 22.6          272 
 22.8          272 
 23            272 
 23.1          272 
 23.3          272 
 23.6          272 
 23.8          272 
 24            272 
 24.1          272 
 24.4          273 
 24.5          273 
 24.6          273 
 24.8          273 
 25            273 
 25.1          274 
 25.3          274 
 25.5          274 
 25.6          274 
 25.8          274 
 26            274 
 26.1          274 
 26.3          274 
 26.5          265 
 26.6          265 
 26.8          265 
 27            266 
 27.1          266 
 27.4          266 
 27.5          266 
 27.6          266 
 27.8          266 
 28.1          267 
 28.3          267 
 28.5          268 
 28.6          268 
 28.8          268 
 29            268 
 29.1          268 
 29.3          268 
 29.5          268 
 29.6          268 
 29.8          269 
 30            269 
 30.1          269 
 30.4          269 
 30.5          270 
 30.6          270 
 30.8          270 
 31            270 
 31.2          270 
 31.3          270 
 31.5          270 
 31.6          270 
 31.8          271 
 32.1          271 
 32.2          271 
 32.4          271 
 32.5          271 
 32.7          271 
 32.9          272 
 33            272 
 33.1          272 
 33.2          272 
 33.4          272 
 33.5          272 
 33.6          272 
 33.7          272 
 34            272 
 34.1          273 
 34.2          273 
 34.4          273 
 34.6          274 
 34.7          274 
 34.9          274 
 35            274 
 35.1          274 
 35.2          274 
 35.4          274 
 35.5          274 
 35.6          274 
 35.7          274 
 35.9          274 
 36            255 
 36.1          255 
 36.3          256 
 36.4          256 
 36.5          257 
 36.6          257 
 36.7          257 
 37            258 
 37.1          258 
 37.2          258 
 37.5          259 
 37.6          259 
 37.7          259 
 38            260 
 38.1          260 
 38.2          260 
 38.4          260 
 38.6          260 
 38.7          260 
 38.9          261 
 39            261 
 39.2          261 
 39.4          262 
 39.5          262 
 39.6          262 
 39.7          262 
 39.9          262 
 40            262 
 40.1          262 
 40.2          262 
 40.4          262 
 40.5          262 
 40.6          263 
 40.7          263 
 41            263 
 41.1          264 
 41.2          264 
 41.5          264 
 41.6          264 
 41.7          264 
 41.9          264 
 42.1          265 
 42.2          265 
 42.4          265 
 42.5          265 
 42.7          265 
 42.9          266 
 43            266 
 43.1          266 
 43.2          266 
 43.4          266 
 43.5          266 
 43.6          266 
 43.7          266 
 44            266 
 44.1          266 
 44.2          266 
 44.4          267 
 44.6          267 
 44.7          267 
 44.9          267 
 45.1          268 
 45.2          268 
 45.4          268 
 45.5          268 
 45.7          268 
 45.9          268 
 46            268 
 46.1          268 
 46.3          268 
 46.4          268 
 46.5          269 
 46.6          269 
 46.7          269 
 47            269 
 47.1          269 
 47.2          270 
 47.4          270 
 47.6          270 
 47.7          270 
 47.9          270 
 48            270 
 48.2          270 
 48.4          270 
 48.5          270 
 48.6          270 
 48.8          270 
 48.9          271 
 49            271 
 49.1          271 
 49.2          271 
 49.4          271 
 49.5          271 
 49.6          271 
 49.7          271 
 49.9          272 
 50            272 
 50.2          272 
 50.4          272 
 50.5          272 
 50.6          272 
 50.7          272 
 50.9          272 
 51            272 
 51.1          272 
 51.2          272 
 51.4          273 
 51.5          273 
 51.6          273 
 51.7          273 
 51.9          273 
 52.1          273 
 52.2          273 
 52.4          273 
 52.5          273 
 52.7          273 
 52.9          258 
 53            258 
 53.2          258 
 53.4          259 
 53.5          259 
 53.6          259 
 53.8          260 
 53.9          260 
 54            260 
 54.1          260 
 54.2          260 
 54.4          260 
 54.5          260 
 54.6          260 
 54.7          260 
 55            260 
 55.1          260 
 55.2          260 
 55.4          260 
 55.6          261 
 55.7          261 
 55.9          261 
 56.1          261 
 56.2          261 
 56.4          261 
 56.5          261 
 56.7          261 
 56.9          262 
 57            262 
 57.1          262 
 57.3          262 
 57.4          262 
 57.5          262 
 57.6          262 
 57.8          262 
 57.9          262 
 58            262 
 58.1          262 
 58.2          262 
 58.4          261 
 58.5          261 
 58.7          261 
 58.9          261 
 59            261 
 59.1          261 
 59.2          261 
 59.4          261 
 59.5          261 
 59.6          261 
 59.7          261 
 60            260 
 60.1          260 
 60.2          260 
 60.4          260 
 60.6          260 
 60.7          260 
 60.9          260 
 61            260 
 61.2          260 
 61.4          260 
 61.5          260 
 61.6          260 
 61.7          260 
 61.9          260 
 62            260 
 62.1          260 
 62.2          260 
 62.4          260 
 62.5          260 
 62.7          260 
 62.9          260 
 63            260 
 63.1          260 
 63.3          260 
 63.4          260 
 63.5          260 
 63.6          260 
 63.7          261 
 64            261 
 64.2          261 
 64.4          261 
 64.7          261 
 64.9          261 
 65.1          261 
 65.2          262 
 65.5          262 
 65.7          262 
 65.9          262 
 66.1          262 
 66.3          262 
 66.4          262 
 66.6          263 
 66.8          263 
 66.9          263 
 67.1          263 
 67.2          263 
 67.4          264 
 67.6          264 
 67.7          264 
 67.9          264 
 68.1          264 
 68.3          264 
 68.4          264 
 68.6          264 
 68.7          264 
 68.9          264 
 69.1          264 
 69.2          265 
 69.4          265 
 69.6          265 
 69.7          265 
 70            265 
 70.2          265 
 70.5          265 
 70.7          266 
 70.9          266 
 71.2          266 
 71.4          266 
 71.6          266 
 71.7          266 
 71.9          266 
 72.1          267 
 72.2          267 
 72.4          267 
 72.6          268 
 72.7          268 
 72.9          268 
 73.2          268 
 73.4          268 
 73.6          268 
 73.7          269 
 73.9          269 
 74.1          269 
 74.2          269 
 74.4          269 
 74.6          270 
 74.8          270 
 74.9          270 
 75.1          270 
 75.2          270 
 75.5          270 
 75.7          271 
 76            271 
 76.2          272 
 76.4          272 
 76.7          272 
 76.9          272 
 77.1          272 
 77.2          272 
 77.5          273 
 77.7          273 
 77.9          274 
 78.2          274 
 78.4          274 
 78.6          274 
 78.8          274 
 78.9          274 
 79.1          275 
 79.2          275 
 79.5          275 
 79.7          275 
 80            275 
 80.2          275 
 80.4          275 
 80.7          261 
 80.9          261 
 81.1          262 
 81.2          262 
 81.5          262 
 81.7          262 
 81.9          263 
 82.1          264 
 82.3          264 
 82.4          264 
 82.6          264 
 82.7          264 
 82.9          264 
 83.2          265 
 83.4          266 
 83.6          266 
 83.7          266 
 84            266 
 84.2          266 
 84.4          267 
 84.6          267 
 84.8          268 
 84.9          268 
 85.1          268 
 85.2          268 
 85.4          268 
 85.6          268 
 85.7          268 
 85.9          269 
 86.1          269 
 86.2          270 
 86.4          270 
 86.6          270 
 86.7          270 
 86.9          270 
 87.2          270 
 87.4          271 
 87.6          271 
 87.7          271 
 87.9          271 
 88.1          272 
 88.2          272 
 88.5          272 
 88.7          272 
 89            272 
 89.2          272 
 89.4          273 
 89.7          273 
 89.9          273 
 90.1          274 
 90.3          274 
 90.4          274 
 90.6          274 
 90.7          274 
 90.9          274 
 91.1          274 
 91.2          275 
 91.4          275 
 91.6          275 
 91.7          275 
 91.9          275 
 92.1          275 
 92.2          275 
 92.4          275 
 92.6          275 
 92.7          262 
 92.9          262 
 93.1          263 
 93.2          263 
 93.4          264 
 93.6          264 
 93.7          264 
 93.9          264 
 94.1          264 
 94.3          264 
 94.4          264 
 94.6          265 
 94.7          265 
 94.9          265 
 95.1          265 
 95.2          265 
 95.5          265 
 95.7          266 
 96            266 
 96.2          266 
 96.4          266 
 96.6          266 
 96.7          266 
 96.9          266 
 97.2          266 
 97.4          266 
 97.6          266 
 97.8          266 
 97.9          266 
 98.1          266 
 98.2          266 
 98.4          266 
 98.7          266 
 98.9          266 
 99.2          266 
 99.4          266 
 99.6          266 
 99.7          266 
 100           266 
 100.2         266 
 100.4         266 
 100.6         266 
 100.7         266 
 100.9         266 
 101.2         266 
 101.4         266 
 101.7         266 
 101.9         266 
 102.1         266 
 102.2         266 
 102.4         266 
 102.6         266 
 102.7         266 
 102.9         266 
 103.1         266 
 103.2         266 
 103.4         267 
 103.6         267 
 103.7         267 
 103.9         267 
 104.1         267 
 104.2         267 
 104.4         268 
 104.6         268 
 104.7         268 
 104.9         268 
 105.2         268 
 105.4         269 
 105.6         269 
 105.8         269 
 105.9         269 
 106.1         270 
 106.2         270 
 106.5         270 
 106.7         270 
 106.9         270 
 107.1         270 
 107.3         270 
 107.4         271 
 107.6         271 
 107.7         271 
 107.9         272 
 108.1         272 
 108.2         272 
 108.5         272 
 108.7         272 
 108.9         272 
 109.2         273 
 109.4         273 
 109.6         273 
 109.8         273 
 109.9         273 
 110.1         273 
 110.2         274 
 110.4         274 
 110.6         274 
 110.7         274 
 110.9         274 
 111.1         274 
 111.2         274 
 111.5         274 
 111.7         275 
 111.9         275 
 112.1         275 
 112.2         276 
 112.4         276 
 112.6         276 
 112.7         276 
 112.9         276 
 113.2         276 
 113.4         276 
 113.6         264 
 113.8         264 
 113.9         264 
 114.1         264 
 114.3         264 
 114.4         265 
 114.6         265 
 114.7         265 
 114.9         266 
 115.1         266 
 115.2         266 
 115.5         266 
 115.7         266 
 115.9         267 
 116.1         267 
 116.2         267 
 116.4         268 
 116.7         268 
 116.9         268 
 117.1         269 
 117.2         269 
 117.5         269 
 117.7         269 
 117.9         270 
 118.1         270 
 118.2         270 
 118.4         270 
 118.6         271 
 118.7         271 
 118.9         271 
 119.1         271 
 119.2         272 
 119.5         272 
 119.7         272 
 119.9         272 
 120.2         272 
 120.4         273 
 120.7         273 
 120.9         273 
 121.2         274 
 121.4         274 
 121.6         274 
 121.7         274 
 122           274 
 122.2         275 
 122.4         275 
 122.6         276 
 122.8         276 
 122.9         276 
 123.1         276 
 123.2         276 
 123.5         276 
 123.7         276 
 123.9         276 
 124.1         276 
 124.2         263 
 124.4         264 
 124.6         264 
 124.7         264 
 124.9         264 
 125.1         264 
 125.2         264 
 125.4         265 
 125.6         265 
 125.7         265 
 125.9         266 
 126.1         266 
 126.2         266 
 126.5         266 
 126.7         266 
 126.9         266 
 127.2         267 
 127.4         268 
 127.6         268 
 127.8         268 
 127.9         268 
 128.1         268 
 128.3         268 
 128.5         268 
 128.7         269 
 128.8         269 
 129           269 
 129.2         269 
 129.4         269 
 129.6         270 
 129.8         270 
 130.1         270 
 130.3         270 
 130.5         270 
 130.7         270 
 130.8         270 
 131           271 
 131.2         271 
 131.3         271 
 131.5         271 
 131.8         272 
 132           272 
 132.2         272 
 132.3         272 
 132.5         272 
 132.7         272 
 132.8         272 
 133           272 
 133.2         272 
 133.3         272 
 133.5         273 
 133.7         273 
 133.9         273 
 134.1         273 
 134.3         273 
 134.5         273 
 134.7         274 
 134.8         274 
 135.1         274 
 135.3         274 
 135.5         274 
 135.7         274 
 135.9         274 
 136.1         274 
 136.3         274 
 136.5         274 
 136.7         274 
 136.8         274 
 137           274 
 137.2         274 
 137.3         274 
 137.5         274 
 137.7         274 
 137.8         274 
 138           274 
 138.2         274 
 138.3         274 
 138.5         274 
 138.7         274 
 138.8         274 
 139           273 
 139.2         273 
 139.3         273 
 139.5         273 
 139.8         273 
 140           273 
 140.2         273 
 140.4         273 
 140.6         272 
 140.8         272 
 141.1         272 
 141.3         272 
 141.5         272 
 141.7         272 
 141.8         272 
 142.1         272 
 142.3         273 
 142.6         273 
 142.8         273 
 143           273 
 143.2         273 
 143.3         273 
 143.5         273 
 143.8         274 
 144           274 
 144.3         274 
 144.5         274 
 144.8         274 
 145           274 
 145.2         275 
 145.4         275 
 145.6         275 
 145.8         275 
 146.1         275 
 146.3         275 
 146.5         269 
 146.7         269 
 146.8         269 
 147           270 
 147.2         270 
 147.3         270 
 147.5         270 
 147.7         270 
 147.8         270 
 148.1         270 
 148.3         271 
 148.5         271 
 148.8         272 
 149           272 
 149.2         272 
 149.3         272 
 149.5         272 
 149.7         272 
 149.8         272 
 150           272 
 150.2         272 
 150.3         272 
 150.6         273 
 150.8         273 
 151           273 
 151.2         274 
 151.3         274 
 151.5         274 
 151.7         274 
 151.8         274 
 152.1         274 
 152.3         274 
 152.5         275 
 152.8         275 
 153           275 
 153.2         275 
 153.4         275 
 153.6         275 
 153.8         264 
 154           264 
 154.2         265 
 154.3         266 
 154.5         266 
 154.8         266 
 155           266 
 155.2         267 
 155.3         267 
 155.5         268 
 155.7         268 
 155.8         268 
 156           268 
 156.3         268 
 156.5         269 
 156.7         269 
 156.8         269 
 157.1         269 
 157.3         270 
 157.5         270 
 157.7         270 
 157.8         270 
 158           270 
 158.2         271 
 158.4         271 
 158.6         271 
 158.8         271 
 159           272 
 159.2         272 
 159.3         272 
 159.5         272 
 159.8         272 
 160           272 
 160.2         273 
 160.3         273 
 160.6         273 
 160.8         274 
 161.1         274 
 161.3         274 
 161.5         274 
 161.7         275 
 161.9         275 
 162.1         275 
 162.3         275 
 162.6         275 
 162.8         275 
 163           258 
 163.2         258 
 163.3         258 
 163.5         258 
 163.7         259 
 163.8         260 
 164           260 
 164.2         260 
 164.3         260 
 164.5         260 
 164.7         261 
 164.8         261 
 165.1         262 
 165.3         262 
 165.5         262 
 165.8         262 
 166           263 
 166.3         264 
 166.5         264 
 166.8         264 
 167           264 
 167.2         264 
 167.3         264 
 167.5         265 
 167.7         265 
 167.8         265 
 168.1         265 
 168.3         266 
 168.5         266 
 168.7         266 
 168.8         266 
 169           266 
 169.2         266 
 169.4         267 
 169.6         267 
 169.9         267 
 170.1         268 
 170.3         268 
 170.5         268 
 170.7         268 
 170.8         268 
 171.1         268 
 171.3         269 
 171.6         269 
 171.8         270 
 172           270 
 172.3         270 
 172.5         270 
 172.7         270 
 172.8         270 
 173.1         270 
 173.3         271 
 173.5         271 
 173.7         271 
 173.8         271 
 174           271 
 174.3         271 
 174.5         272 
 174.7         272 
 174.8         272 
 175           272 
 175.2         272 
 175.3         272 
 175.5         272 
 175.7         272 
 175.8         272 
 176           272 
 176.2         272 
 176.3         272 
 176.5         272 
 176.7         272 
 176.8         272 
 177.1         272 
 177.3         272 
 177.5         272 
 177.8         272 
 178           272 
 178.2         272 
 178.4         272 
 178.6         272 
 178.9         272 
 179.1         272 
 179.4         272 
 179.6         272 
 179.8         272 
 180.1         272 
 180.3         272 
 180.5         272 
 180.7         272 
 180.9         272 
 181.1         272 
 181.3         272 
 181.6         272 
 181.8         272 
 182           272 
 182.3         272 
 182.5         272 
 182.8         272 
 183           272 
 183.2         272 
 183.3         272 
 183.5         272 
 183.7         272 
 183.8         272 
 184.1         272 
 184.3         272 
 184.5         272 
 184.8         272 
 185           273 
 185.2         273 
 185.3         273 
 185.5         274 
 185.7         274 
 185.8         274 
 186           274 
 186.2         274 
 186.3         274 
 186.5         275 
 186.7         275 
 186.8         275 
 187           275 
 187.3         275 
 187.5         275 
 187.7         275 
 187.9         258 
 188.1         258 
 188.3         258 
 188.5         259 
 188.7         260 
 188.8         260 
 189           260 
 189.3         260 
 189.5         261 
 189.7         261 
 189.8         262 
 190.1         262 
 190.3         262 
 190.5         262 
 190.7         262 
 190.8         262 
 191           263 
 191.3         263 
 191.5         264 
 191.8         264 
 192           264 
 192.3         264 
 192.5         264 
 192.7         265 
 192.8         265 
 193           265 
 193.2         266 
 193.3         266 
 193.5         266 
 193.8         266 
 194           266 
 194.2         267 
 194.3         267 
 194.5         267 
 194.7         268 
 194.8         268 
 195           268 
 195.2         268 
 195.3         268 
 195.5         268 
 195.7         268 
 195.8         268 
 196           269 
 196.2         269 
 196.3         269 
 196.5         269 
 196.7         270 
 196.8         270 
 197           270 