 .1            241 
 .2            241 
 .4            241 
 .6            241 
 .8            242 
 1.1           242 
 1.3           243 
 1.5           243 
 1.7           243 
 1.8           243 
 2             243 
 2.1           243 
 2.3           243 
 2.4           244 
 2.5           244 
 2.6           244 
 2.7           244 
 2.9           245 
 3.1           245 
 3.2           245 
 3.4           245 
 3.5           245 
 3.7           245 
 3.9           245 
 4             245 
 4.2           246 
 4.4           246 
 4.7           246 
 4.9           246 
 5.1           247 
 5.2           247 
 5.4           247 
 5.6           247 
 5.7           247 
 5.9           247 
 6.1           247 
 6.2           247 
 6.4           247 
 6.6           247 
 6.8           248 
 6.9           248 
 7.1           248 
 7.2           248 
 7.5           248 
 7.7           248 
 7.9           248 
 8.1           248 
 8.3           248 
 8.5           248 
 8.7           248 
 8.8           248 
 9             248 
 9.2           248 
 9.3           248 
 9.5           248 
 9.7           248 
 9.8           248 
 10            248 
 10.3          248 
 10.5          248 
 10.7          248 
 10.8          248 
 11            248 
 11.2          247 
 11.3          247 
 11.5          247 
 11.7          247 
 11.8          247 
 12            247 
 12.2          247 
 12.3          247 
 12.5          247 
 12.7          247 
 12.8          247 
 13            247 
 13.2          247 
 13.3          247 
 13.5          248 
 13.7          248 
 13.8          248 
 14            248 
 14.2          248 
 14.3          248 
 14.5          248 
 14.7          248 
 14.8          248 
 15            248 
 15.3          249 
 15.5          249 
 15.7          249 
 15.8          249 
 16            249 
 16.1          249 
 16.3          249 
 16.5          249 
 16.7          249 
 16.8          250 
 17            250 
 17.1          250 
 17.3          250 
 17.5          251 
 17.6          251 
 17.8          251 
 18            251 
 18.1          251 
 18.4          251 
 18.5          251 
 18.6          251 
 18.8          252 
 19            252 
 19.1          252 
 19.3          252 
 19.5          253 
 19.6          253 
 19.8          253 
 20            253 
 20.1          253 
 20.3          254 
 20.5          254 
 20.6          254 
 20.8          254 
 21            254 
 21.2          254 
 21.3          254 
 21.5          254 
 21.7          255 
 21.8          255 
 22            255 
 22.1          255 
 22.4          255 
 22.5          255 
 22.6          256 
 22.8          256 
 23            256 
 23.1          256 
 23.3          256 
 23.5          256 
 23.7          256 
 23.8          256 
 24            256 
 24.1          257 
 24.4          257 
 24.5          257 
 24.6          257 
 24.8          257 
 25            257 
 25.1          257 
 25.3          257 
 25.5          243 
 25.6          243 
 25.8          244 
 26            245 
 26.1          245 
 26.3          245 
 26.5          245 
 26.6          245 
 26.9          245 
 27            246 
 27.1          246 
 27.3          246 
 27.5          247 
 27.6          247 
 27.8          247 
 28            247 
 28.1          247 
 28.3          247 
 28.5          248 
 28.7          248 
 28.8          248 
 29            249 
 29.1          249 
 29.3          249 
 29.5          249 
 29.7          249 
 29.8          249 
 30            249 
 30.1          250 
 30.3          250 
 30.5          250 
 30.6          251 
 30.9          251 
 31            251 
 31.1          251 
 31.3          251 
 31.5          251 
 31.6          251 
 31.8          252 
 32.1          252 
 32.2          252 
 32.4          252 
 32.6          253 
 32.7          253 
 32.9          253 
 33            254 
 33.2          254 
 33.4          254 
 33.5          254 
 33.6          254 
 33.7          254 
 33.9          254 
 34            254 
 34.1          254 
 34.2          254 
 34.4          255 
 34.5          255 
 34.6          255 
 34.8          255 
 34.9          255 
 35            255 
 35.1          255 
 35.2          256 
 35.4          256 
 35.5          256 
 35.6          256 
 35.7          256 
 36            256 
 36.1          256 
 36.2          256 
 36.4          256 
 36.6          256 
 36.7          256 
 36.9          256 
 37.1          256 
 37.2          245 
 37.4          245 
 37.5          245 
 37.6          245 
 37.7          246 
 37.9          246 
 38            246 
 38.1          246 
 38.2          247 
 38.4          247 
 38.5          247 
 38.7          247 
 38.9          247 
 39            247 
 39.1          248 
 39.3          248 
 39.4          248 
 39.5          248 
 39.6          249 
 39.7          249 
 39.9          249 
 40            249 
 40.1          249 
 40.2          249 
 40.4          249 
 40.5          249 
 40.6          249 
 40.7          249 
 40.9          249 
 41            249 
 41.1          250 
 41.2          250 
 41.5          251 
 41.6          251 
 41.7          251 
 41.9          251 
 42            251 
 42.1          251 
 42.3          251 
 42.4          251 
 42.5          251 
 42.6          251 
 42.7          251 
 42.9          252 
 43            252 
 43.2          252 
 43.4          252 
 43.5          253 
 43.6          253 
 43.7          253 
 43.9          253 
 44            254 
 44.1          254 
 44.2          254 
 44.4          254 
 44.6          254 
 44.7          254 
 44.9          254 
 45            254 
 45.1          254 
 45.3          254 
 45.4          254 
 45.5          254 
 45.6          254 
 45.7          254 
 45.9          255 
 46.1          255 
 46.2          255 
 46.4          255 
 46.5          255 
 46.6          255 
 46.8          255 
 46.9          255 
 47            256 
 47.1          256 
 47.2          256 
 47.5          256 
 47.6          256 
 47.7          256 
 48            256 
 48.1          256 
 48.2          256 
 48.4          242 
 48.5          242 
 48.7          242 
 48.9          242 
 49            242 
 49.1          243 
 49.2          243 
 49.5          243 
 49.6          243 
 49.7          243 
 49.9          243 
 50            243 
 50.2          243 
 50.4          243 
 50.5          243 
 50.6          243 
 50.7          243 
 50.9          243 
 51            243 
 51.1          243 
 51.2          243 
 51.5          243 
 51.6          243 
 51.7          243 
 51.9          243 
 52.1          242 
 52.2          242 
 52.4          243 
 52.5          243 
 52.6          243 
 52.7          243 
 52.9          243 
 53            243 
 53.1          243 
 53.2          243 
 53.4          243 
 53.5          243 
 53.6          243 
 53.8          243 
 53.9          243 
 54            243 
 54.1          243 
 54.3          243 
 54.4          243 
 54.5          243 
 54.6          243 
 54.7          243 
 54.9          243 
 55            243 
 55.1          243 
 55.2          243 
 55.5          244 
 55.6          244 
 55.7          244 
 55.9          244 
 56.1          244 
 56.2          244 
 56.4          245 
 56.6          245 
 56.7          245 
 56.9          245 
 57            245 
 57.2          245 
 57.4          246 
 57.5          246 
 57.6          246 
 57.8          246 
 57.9          247 
 58            247 
 58.1          247 
 58.3          247 
 58.4          247 
 58.5          247 
 58.6          247 
 58.7          247 
 58.9          247 
 59            247 
 59.1          247 
 59.2          247 
 59.5          248 
 59.6          248 
 59.7          248 
 60            249 
 60.1          249 
 60.2          249 
 60.4          249 
 60.5          249 
 60.7          249 
 60.9          249 
 61            250 
 61.1          250 
 61.2          250 
 61.4          250 
 61.6          250 
 61.7          250 
 61.9          251 
 62            251 
 62.1          251 
 62.3          251 
 62.4          251 
 62.5          251 
 62.6          251 
 62.7          251 
 62.9          251 
 63            251 
 63.1          251 
 63.2          251 
 63.4          251 
 63.5          252 
 63.6          252 
 63.7          252 
 63.9          252 
 64            252 
 64.2          252 
 64.4          253 
 64.6          253 
 64.8          254 
 64.9          254 
 65.1          254 
 65.2          254 
 65.4          254 
 65.6          254 
 65.7          254 
 65.9          255 
 66.1          255 
 66.2          255 
 66.5          255 
 66.7          256 
 67            256 
 67.2          256 
 67.4          256 
 67.6          256 
 67.7          256 
 67.9          256 
 68.2          256 
 68.4          256 
 68.6          245 
 68.7          245 
 68.9          246 
 69.1          247 
 69.2          247 
 69.5          247 
 69.7          247 
 70            248 
 70.2          248 
 70.4          249 
 70.7          249 
 70.9          249 
 71.1          249 
 71.2          249 
 71.4          250 
 71.6          250 
 71.7          250 
 71.9          251 
 72.1          251 
 72.3          251 
 72.4          251 
 72.6          251 
 72.7          252 
 72.9          252 
 73.1          252 
 73.2          252 
 73.4          252 
 73.7          253 
 73.9          253 
 74.1          253 
 74.2          254 
 74.4          254 
 74.6          254 
 74.7          254 
 74.9          255 
 75.1          255 
 75.3          255 
 75.4          255 
 75.6          255 
 75.7          256 
 75.9          256 
 76.1          256 
 76.2          256 
 76.4          256 
 76.6          256 
 76.7          257 
 76.9          257 
 77.1          258 
 77.3          258 
 77.4          258 
 77.6          258 
 77.7          258 
 77.9          258 
 78.2          258 
 78.4          258 
 78.7          245 
 78.9          246 
 79.2          247 
 79.4          247 
 79.6          247 
 79.7          247 
 79.9          247 
 80.1          248 
 80.2          248 
 80.5          248 
 80.7          249 
 80.9          249 
 81.1          249 
 81.2          249 
 81.4          249 
 81.6          249 
 81.7          250 
 81.9          251 
 82.1          251 
 82.2          251 
 82.4          251 
 82.6          251 
 82.7          251 
 82.9          251 
 83.1          251 
 83.2          252 
 83.4          252 
 83.6          252 
 83.7          253 
 83.9          253 
 84.1          253 
 84.2          253 
 84.4          253 
 84.6          254 
 84.7          254 
 84.9          254 
 85.1          254 
 85.3          254 
 85.4          254 
 85.6          254 
 85.7          254 
 86            255 
 86.2          255 
 86.4          255 
 86.7          255 
 86.9          256 
 87.1          256 
 87.2          256 
 87.5          256 
 87.7          256 
 88            256 
 88.2          256 
 88.4          256 
 88.6          256 
 88.7          256 
 88.9          256 
 89.2          256 
 89.4          256 
 89.6          256 
 89.7          256 
 90            256 
 90.2          256 
 90.4          256 
 90.6          257 
 90.8          257 
 90.9          257 
 91.1          257 
 91.2          257 
 91.4          257 
 91.6          257 
 91.7          257 
 91.9          256 
 92.1          256 
 92.2          256 
 92.4          256 
 92.6          256 
 92.7          256 
 92.9          256 
 93.1          257 
 93.2          257 
 93.4          257 
 93.6          257 
 93.7          257 
 93.9          257 
 94.1          257 
 94.2          257 
 94.4          258 
 94.6          258 
 94.7          258 
 94.9          258 
 95.2          258 
 95.4          258 
 95.6          258 
 95.8          258 
 95.9          244 
 96.1          245 
 96.2          245 
 96.4          245 
 96.6          245 
 96.7          245 
 96.9          246 
 97.1          247 
 97.2          247 
 97.5          247 
 97.7          247 
 98            248 
 98.2          248 
 98.4          249 
 98.6          249 
 98.7          249 
 98.9          249 
 99.1          249 
 99.2          250 
 99.4          250 
 99.6          250 
 99.7          250 
 99.9          251 
 100.2         251 
 100.4         251 
 100.6         251 
 100.7         251 
 100.9         251 
 101.1         252 
 101.2         252 
 101.5         253 
 101.7         253 
 101.9         253 
 102.1         253 
 102.2         253 
 102.4         254 
 102.6         254 
 102.7         254 
 102.9         254 
 103.1         254 
 103.2         254 
 103.4         254 
 103.6         254 
 103.7         254 
 103.9         255 
 104.2         255 
 104.4         256 
 104.6         256 
 104.7         256 
 105           256 
 105.2         256 
 105.4         256 
 105.6         256 
 105.7         257 
 105.9         257 
 106.1         257 
 106.2         257 
 106.5         258 
 106.7         258 
 106.9         258 
 107.2         258 
 107.4         258 
 107.6         258 
 107.7         258 
 108           258 
 108.2         258 
 108.4         245 
 108.7         246 
 108.9         246 
 109.1         247 
 109.2         247 
 109.5         247 
 109.7         248 
 109.9         248 
 110.1         248 
 110.2         249 
 110.4         249 
 110.6         249 
 110.7         249 
 110.9         250 
 111.2         250 
 111.4         250 
 111.6         250 
 111.7         251 
 111.9         251 
 112.1         251 
 112.2         251 
 112.4         251 
 112.6         252 
 112.8         252 
 112.9         252 
 113.1         252 
 113.3         252 
 113.4         253 
 113.6         253 
 113.8         253 
 113.9         254 
 114.1         254 
 114.2         254 
 114.5         254 
 114.7         254 
 114.9         254 
 115.2         255 
 115.4         255 
 115.6         255 
 115.8         255 
 115.9         256 
 116.1         256 
 116.2         256 
 116.4         256 
 116.7         256 
 116.9         256 
 117.1         257 
 117.3         257 
 117.4         257 
 117.6         257 
 117.7         258 
 117.9         258 
 118.1         258 
 118.2         258 
 118.5         258 
 118.7         258 
 118.9         258 
 119.1         258 
 119.2         258 
 119.4         258 
 119.6         258 
 119.7         245 
 119.9         246 
 120.1         246 
 120.2         246 
 120.4         246 
 120.6         247 
 120.7         247 
 120.9         247 
 121.1         247 
 121.2         247 
 121.5         248 
 121.7         248 
 121.9         249 
 122.1         249 
 122.2         249 
 122.4         249 
 122.6         249 
 122.7         249 
 122.9         250 
 123.1         250 
 123.3         250 
 123.4         251 
 123.6         251 
 123.8         251 
 123.9         251 
 124.1         251 
 124.2         251 
 124.4         252 
 124.6         252 
 124.7         252 
 124.9         252 
 125.1         253 
 125.2         253 
 125.4         253 
 125.6         253 
 125.7         253 
 126           253 
 126.2         254 
 126.4         254 
 126.7         254 
 126.9         254 
 127.1         254 
 127.3         254 
 127.4         254 
 127.6         254 
 127.7         254 
 127.9         254 
 128.1         255 
 128.3         255 
 128.5         255 
 128.7         255 
 128.9         255 
 129.1         255 
 129.4         255 
 129.6         255 
 129.8         255 
 130.1         255 
 130.3         255 
 130.5         255 
 130.7         255 
 130.9         255 
 131.1         254 
 131.3         254 
 131.5         254 
 131.7         254 
 131.8         254 
 132           254 
 132.2         254 
 132.4         254 
 132.6         254 
 132.8         254 
 133.1         255 
 133.3         255 
 133.6         255 
 133.8         255 
 134           255 
 134.2         255 
 134.3         255 
 134.5         255 
 134.7         255 
 134.8         255 
 135           255 
 135.2         255 
 135.3         256 
 135.5         256 
 135.8         256 
 136           256 
 136.2         256 
 136.4         256 
 136.6         256 
 136.8         257 
 137.1         257 
 137.3         258 
 137.5         258 
 137.7         258 
 137.8         258 
 138           258 
 138.2         258 
 138.3         258 
 138.5         258 
 138.7         258 
 138.8         258 
 139           258 
 139.2         258 
 139.4         258 
 139.6         245 
 139.9         246 
 140.1         247 
 140.3         247 
 140.6         247 
 140.8         247 
 141.1         248 
 141.3         248 
 141.5         249 
 141.7         249 
 141.8         249 
 142           249 
 142.3         249 
 142.5         249 
 142.8         250 
 143           250 
 143.2         250 
 143.3         251 
 143.5         251 
 143.7         251 
 143.8         251 
 144           251 
 144.3         251 
 144.5         251 
 144.7         252 
 144.8         252 
 145.1         253 
 145.3         253 
 145.5         254 
 145.8         254 
 146           254 
 146.2         254 
 146.3         254 
 146.5         254 
 146.7         254 
 146.8         255 
 147           255 
 147.2         255 
 147.4         255 
 147.6         256 
 147.9         256 
 148.1         256 
 148.4         256 
 148.6         256 
 148.8         257 
 149           257 
 149.2         257 
 149.3         257 
 149.5         258 
 149.7         258 
 149.9         258 
 150.1         258 
 150.3         258 
 150.5         258 
 150.7         258 
 150.8         258 
 151           258 
 151.3         258 
 151.5         258 
 151.7         245 
 151.8         245 
 152.1         246 
 152.3         246 
 152.5         247 
 152.7         247 
 152.8         247 
 153           247 
 153.3         248 
 153.5         248 
 153.8         248 
 154           248 
 154.2         249 
 154.3         249 
 154.6         249 
 154.8         250 
 155           250 
 155.2         250 
 155.3         250 
 155.5         250 
 155.7         250 
 155.8         251 
 156           251 
 156.2         251 
 156.3         251 
 156.5         251 
 156.8         252 
 157           252 
 157.2         253 
 157.3         253 
 157.5         253 
 157.7         253 
 157.8         253 
 158           254 
 158.2         254 
 158.4         254 
 158.6         254 
 158.8         254 
 159           254 
 159.2         254 
 159.3         254 
 159.5         255 
 159.7         255 
 159.8         255 
 160           255 
 160.2         256 
 160.3         256 
 160.5         256 
 160.7         256 
 160.8         256 
 161           256 
 161.2         256 
 161.4         256 
 161.6         257 
 161.8         257 
 162.1         257 
 162.3         257 
 162.5         258 
 162.8         258 
 163           258 
 163.2         258 
 163.3         258 
 163.6         258 
 163.8         258 
 164.1         258 
 164.3         258 
 164.5         245 
 164.8         245 
 165           245 
 165.2         245 
 165.3         245 
 165.5         246 
 165.7         246 
 165.8         246 
 166           247 
 166.2         247 
 166.3         247 
 166.5         247 
 166.7         247 
 166.8         247 