 .1            248 
 .2            248 
 .5            248 
 .7            244 
 .8            244 
 1             245 
 1.2           245 
 1.3           245 
 1.5           245 
 1.6           245 
 1.9           246 
 2             246 
 2.1           246 
 2.2           246 
 2.4           246 
 2.6           247 
 2.7           247 
 2.9           247 
 3             247 
 3.1           247 
 3.2           247 
 3.4           247 
 3.5           247 
 3.6           248 
 3.7           248 
 3.9           248 
 4             248 
 4.2           248 
 4.5           248 
 4.7           248 
 4.9           248 
 5.2           244 
 5.4           244 
 5.6           245 
 5.8           245 
 5.9           245 
 6.1           245 
 6.2           245 
 6.5           246 
 6.7           246 
 6.9           246 
 7.1           246 
 7.3           247 
 7.4           247 
 7.6           247 
 7.8           247 
 7.9           247 
 8.1           247 
 8.3           247 
 8.5           247 
 8.7           247 
 8.8           247 
 9             248 
 9.2           248 
 9.3           248 
 9.5           248 
 9.8           249 
 10            249 
 10.2          249 
 10.4          249 
 10.6          249 
 10.9          249 
 11.1          243 
 11.3          243 
 11.5          243 
 11.7          243 
 11.8          243 
 12.1          243 
 12.3          243 
 12.6          243 
 12.8          243 
 13.1          243 
 13.3          243 
 13.5          243 
 13.7          243 
 13.8          243 
 14            243 
 14.3          243 
 14.5          243 
 14.8          243 
 15            243 
 15.2          243 
 15.3          243 
 15.5          243 
 15.7          243 
 15.8          243 
 16            243 
 16.1          243 
 16.3          243 
 16.5          243 
 16.6          243 
 16.8          243 
 17            243 
 17.2          243 
 17.3          243 
 17.5          243 
 17.6          243 
 17.8          243 
 18            243 
 18.1          244 
 18.3          244 
 18.5          244 
 18.6          244 
 18.8          244 
 19            245 
 19.1          245 
 19.3          245 
 19.5          245 
 19.6          245 
 19.9          245 
 20            245 
 20.1          246 
 20.4          246 
 20.5          246 
 20.6          247 
 20.8          247 
 21            247 
 21.1          247 
 21.3          247 
 21.5          247 
 21.7          247 
 21.8          247 
 22            248 
 22.2          248 
 22.3          248 
 22.5          249 
 22.6          249 
 22.8          249 
 23            249 
 23.1          249 
 23.4          249 
 23.5          249 
 23.6          249 
 23.8          249 
 24.1          249 
 24.3          249 
 24.6          249 
 24.8          245 
 25.1          245 
 25.3          245 
 25.5          245 
 25.7          246 
 25.8          246 
 26            246 
 26.1          246 
 26.3          246 
 26.5          247 
 26.6          247 
 26.8          247 
 27            247 
 27.1          247 
 27.4          247 
 27.5          248 
 27.6          248 
 27.8          248 
 28            248 
 28.1          248 
 28.3          248 
 28.5          249 
 28.6          249 
 28.8          249 
 29            249 
 29.2          249 
 29.3          249 
 29.5          249 
 29.6          249 
 29.8          249 
 30            249 
 30.1          249 
 30.3          249 
 30.5          245 
 30.6          245 
 30.8          245 
 31            245 
 31.1          245 
 31.4          246 
 31.5          246 
 31.6          246 
 31.8          247 
 32.1          247 
 32.2          247 
 32.4          247 
 32.5          247 
 32.6          247 
 32.7          247 
 32.9          247 
 33            248 
 33.1          248 
 33.2          248 
 33.4          248 
 33.6          249 
 33.7          249 
 33.9          249 
 34.1          249 
 34.2          249 
 34.4          249 
 34.5          249 
 34.6          249 
 34.8          250 
 34.9          250 
 35            250 
 35.1          250 
 35.2          250 
 35.4          250 
 35.5          250 
 35.6          250 
 35.7          250 
 36            250 
 36.1          250 
 36.2          246 
 36.4          246 
 36.6          246 
 36.7          247 
 36.9          247 
 37.1          247 
 37.2          247 
 37.4          247 
 37.5          247 
 37.7          247 
 37.9          248 
 38            248 
 38.1          248 
 38.3          248 
 38.4          248 
 38.5          248 
 38.6          249 
 38.7          249 
 39            249 
 39.1          249 
 39.2          249 
 39.4          249 
 39.5          249 
 39.7          249 
 39.9          250 
 40            250 
 40.1          250 
 40.2          250 
 40.4          250 
 40.5          250 
 40.6          250 
 40.7          250 
 40.9          250 
 41            250 
 41.2          250 
 41.4          246 
 41.5          246 
 41.6          246 
 41.8          247 
 41.9          247 
 42            247 
 42.1          247 
 42.2          247 
 42.4          247 
 42.6          247 
 42.7          247 
 42.9          247 
 43            248 
 43.1          248 
 43.3          248 
 43.4          248 
 43.5          248 
 43.6          248 
 43.7          249 
 43.9          249 
 44.1          249 
 44.2          249 
 44.4          249 
 44.5          249 
 44.6          249 
 44.7          249 
 44.9          249 
 45            249 
 45.1          249 
 45.2          250 
 45.4          250 
 45.6          250 
 45.7          250 
 45.9          250 
 46.1          250 
 46.2          250 
 46.4          250 
 46.5          250 
 46.6          246 
 46.8          246 
 46.9          246 
 47            246 
 47.1          246 
 47.2          246 
 47.4          246 
 47.5          246 
 47.7          247 
 47.9          247 
 48            247 
 48.1          247 
 48.2          247 
 48.4          247 
 48.5          247 
 48.6          247 
 48.7          247 
 49            247 
 49.1          247 
 49.2          247 
 49.4          247 
 49.5          248 
 49.7          248 
 49.9          248 
 50            248 
 50.1          248 
 50.2          248 
 50.4          248 
 50.5          248 
 50.6          248 
 50.7          248 
 50.9          248 
 51            248 
 51.2          248 
 51.4          248 
 51.5          248 
 51.6          248 
 51.7          248 
 51.9          248 
 52            248 
 52.1          248 
 52.2          248 
 52.4          248 
 52.5          248 
 52.6          248 
 52.7          248 
 52.9          248 
 53.1          248 
 53.2          248 
 53.4          248 
 53.5          248 
 53.7          248 
 53.9          247 
 54.1          247 
 54.2          247 
 54.4          247 
 54.5          247 
 54.6          247 
 54.8          247 
 54.9          247 
 55            247 
 55.1          247 
 55.2          247 
 55.4          247 
 55.5          247 
 55.6          247 
 55.7          247 
 56            247 
 56.1          247 
 56.2          247 
 56.4          247 
 56.6          247 
 56.7          247 
 56.9          248 
 57.1          248 
 57.2          248 
 57.4          248 
 57.5          248 
 57.7          248 
 57.9          248 
 58            248 
 58.1          248 
 58.3          248 
 58.4          249 
 58.5          249 
 58.6          249 
 58.8          249 
 58.9          249 
 59            249 
 59.1          249 
 59.2          249 
 59.4          249 
 59.5          249 
 59.6          249 
 59.7          250 
 60            250 
 60.1          250 
 60.2          250 
 60.5          250 
 60.6          250 
 60.7          250 
 60.9          250 
 61.1          250 
 61.2          250 
 61.4          246 
 61.5          246 
 61.7          246 
 61.9          247 
 62            247 
 62.2          247 
 62.4          247 
 62.5          247 
 62.7          247 
 62.9          248 
 63            248 
 63.1          248 
 63.3          248 
 63.4          248 
 63.5          248 
 63.6          248 
 63.7          249 
 63.9          249 
 64.1          249 
 64.2          249 
 64.4          249 
 64.6          249 
 64.8          249 
 64.9          249 
 65.1          249 
 65.2          250 
 65.4          250 
 65.6          250 
 65.7          250 
 65.9          250 
 66.1          250 
 66.3          250 
 66.4          250 
 66.6          247 
 66.8          247 
 66.9          247 
 67.1          247 
 67.2          247 
 67.4          247 
 67.6          247 
 67.7          247 
 68            248 
 68.2          248 
 68.5          249 
 68.7          249 
 68.9          249 
 69.2          249 
 69.4          250 
 69.6          250 
 69.7          250 
 70            250 
 70.2          250 
 70.4          250 
 70.6          250 
 70.7          246 
 70.9          246 
 71.1          247 
 71.2          247 
 71.4          247 
 71.7          247 
 71.9          248 
 72.1          248 
 72.2          248 
 72.4          248 
 72.6          249 
 72.7          249 
 73            249 
 73.2          249 
 73.4          250 
 73.7          250 
 73.9          250 
 74.1          250 
 74.3          250 
 74.4          250 
 74.6          250 
 74.8          250 
 74.9          247 
 75.1          247 
 75.3          247 
 75.4          247 
 75.6          247 
 75.7          247 
 75.9          248 
 76.1          248 
 76.2          248 
 76.5          249 
 76.7          249 
 77            249 
 77.2          249 
 77.4          250 
 77.6          250 
 77.7          250 
 77.9          250 
 78.1          250 
 78.3          250 
 78.4          250 
 78.6          250 
 78.7          250 
 78.9          246 
 79.2          247 
 79.4          247 
 79.6          247 
 79.7          247 
 79.9          247 
 80.1          248 
 80.2          248 
 80.4          248 
 80.6          249 
 80.7          249 
 80.9          249 
 81.1          249 
 81.2          249 
 81.4          249 
 81.6          250 
 81.8          250 
 81.9          250 
 82.1          250 
 82.2          250 
 82.4          250 
 82.6          250 
 82.7          250 
 82.9          250 
 83.2          247 
 83.4          247 
 83.6          247 
 83.7          247 
 83.9          247 
 84.1          248 
 84.2          248 
 84.5          248 
 84.7          249 
 84.9          249 
 85.1          249 
 85.2          249 
 85.5          249 
 85.7          249 
 85.9          250 
 86.1          250 
 86.2          250 
 86.4          250 
 86.6          250 
 86.8          250 
 86.9          250 
 87.1          250 
 87.2          250 
 87.5          246 
 87.7          247 
 87.9          247 
 88.1          247 
 88.2          247 
 88.4          247 
 88.6          247 
 88.7          247 
 88.9          247 
 89.1          248 
 89.2          248 
 89.4          248 
 89.6          248 
 89.7          248 
 89.9          248 
 90.2          249 
 90.4          249 
 90.6          249 
 90.7          249 
 90.9          249 
 91.1          249 
 91.2          249 
 91.4          249 
 91.6          249 
 91.7          249 
 91.9          249 
 92.1          249 
 92.3          249 
 92.4          249 
 92.6          249 
 92.7          249 
 92.9          249 
 93.1          249 
 93.2          249 
 93.4          249 
 93.7          249 
 93.9          249 
 94.1          249 
 94.3          249 
 94.4          249 
 94.6          249 
 94.7          249 
 95            249 
 95.2          249 
 95.4          249 
 95.6          249 
 95.8          249 
 95.9          249 
 96.1          248 
 96.3          248 
 96.4          248 
 96.6          248 
 96.7          248 